step,train_return,train_std,test_return,test_std,train_return_raw,test_return_raw,train_length,test_length,q_bias,q_mae,q_corr,qf1_loss,qf2_loss,alpha,train_action_delta_mean,test_action_delta_mean,train_action_delta_std,test_action_delta_std,train_action_autocorr,test_action_autocorr,samples_drained
797,,,,,2.630023338831652,,225.0,,,,,,,,0.05763484910130501,,0.16535958647727966,,0.8182857632637024,,797
808,,,,,49.34218591799467,,175.0,,,,,,,,0.06154368445277214,,0.1704355925321579,,0.778921902179718,,808
954,,,,,-42.94280085521308,,272.0,,,,,,,,0.06695067137479782,,0.1859644502401352,,0.799850344657898,,954
1218,,,,,-66.21097139748662,,266.0,,,,,,,,0.04932161793112755,,0.13921496272087097,,0.8656395077705383,,1218
1309,-53.38916475565505,87.65680321306857,,,-209.7642607824019,,369.0,,,,,,,,0.06759314239025116,,0.18300166726112366,,0.7872976660728455,,1309
1694,-63.11136295696465,82.91985074319213,,,-111.72235396351262,,364.0,,,,,,,,0.06366079300642014,,0.1766459047794342,,0.7828013896942139,,1694
1840,-108.77011375686139,135.65318906110565,,,-382.7226185562418,,480.0,,,,,,,,0.05166200175881386,,0.1445728987455368,,0.8440860509872437,,1840
1847,-152.46867791733115,171.66396187741012,,,-458.35862704061947,,480.0,,,,,,,,0.06003601849079132,,0.17139072716236115,,0.8092108964920044,,1847
1921,-181.27262871886154,181.1948589985483,,,-411.70423513110484,,480.0,,,,,,,,0.04597127437591553,,0.13384367525577545,,0.8613616228103638,,1921
1929,-204.2018181319416,185.1489907588522,,,-410.5645228496621,,480.0,,,,,,,,0.059688273817300797,,0.1687908172607422,,0.82975834608078,,1929
2002,-220.10474703091612,183.55599443480645,,,-379.13403602066103,,480.0,,,,,,,,0.057182662189006805,,0.1648060530424118,,0.8212623000144958,,2002
2042,-239.17415392222279,186.77562628169616,,,-448.9376297265961,,480.0,,,,,,,,0.05287326127290726,,0.15032778680324554,,0.8304763436317444,,2042
2157,-246.80815369329665,181.38632283816852,,,-338.41615094618305,,480.0,,,,,,,,0.053042542189359665,,0.14983244240283966,,0.8231056332588196,,2157
2258,-260.0241223044385,181.16713432983147,,,-431.8317142492827,,480.0,,,,,,,,0.05613177269697189,,0.15303169190883636,,0.8327237963676453,,2258
2265,-255.4160586669818,175.8712825639258,,,-190.90316774258795,,413.0,,,,,,,,0.058741211891174316,,0.16125337779521942,,0.848307192325592,,2265
2405,-265.98494013501943,175.1372536356676,,,-424.51816215558443,,480.0,,,,,,,,0.05560657009482384,,0.154041588306427,,0.854752779006958,,2405
2489,-272.59348676156475,171.95210472906615,,,-378.3302327862899,,480.0,,,,,,,,0.04932885989546776,,0.13969287276268005,,0.8532462120056152,,2489
2585,-285.2912052776545,175.11662089401472,,,-501.1524200511804,,480.0,,,,,,,,0.0616927295923233,,0.17201334238052368,,0.8263166546821594,,2585
2599,-295.1020358889278,175.45478894499232,,,-471.6969868918468,,480.0,,,,,,,,0.05370039865374565,,0.15032465755939484,,0.8373871445655823,,2599
2688,-302.2973994139505,173.8644750500588,,,-439.0093063893806,,480.0,,,,,,,,0.060839202255010605,,0.16956783831119537,,0.8186768293380737,,2688
2704,-311.19906178142,174.28189299010575,,,-489.2323091308108,,480.0,,,,,,,,0.05175187811255455,,0.1420736014842987,,0.8442565202713013,,2704
2724,-316.9391694293941,172.29468741518002,,,-437.4814300368509,,480.0,,,,,,,,0.060617219656705856,,0.16822974383831024,,0.8099175095558167,,2724
2726,-322.97826538287694,170.8717124807227,,,-455.83837635949817,,480.0,,,,,,,,0.057801973074674606,,0.16692620515823364,,0.8112317323684692,,2726
2955,-327.1971902383687,168.4932611621072,,,-424.23246191467985,,480.0,,,,,,,,0.05329834669828415,,0.15678241848945618,,0.8131000995635986,,2955
2961,-328.3895303709737,165.19231245601011,,,-357.00569355349575,,480.0,,,,,,,,0.052564043551683426,,0.15297842025756836,,0.8408719301223755,,2961
3006,-320.75550415776866,166.42085597729888,,,-129.9048488276418,,348.0,,,,,,,,0.04496452584862709,,0.12839210033416748,,0.8602072596549988,,3006
3128,-325.1452479825373,164.8367170986577,,,-439.27858742652126,,480.0,,,,,,,,0.05559214577078819,,0.1560228317975998,,0.8334254026412964,,3128
3164,-327.63152772116683,162.38118171780366,,,-394.7610806641642,,480.0,,,,,,,,0.05002346262335777,,0.14954109489917755,,0.8411909341812134,,3164
3214,-330.9879358557478,160.54236900103461,,,-424.967363624017,,480.0,,,,,,,,0.05622456967830658,,0.155893936753273,,0.8407012224197388,,3214
3220,-334.425488760577,158.92580081769933,,,-434.1145230006239,,480.0,,,,,,,,0.05110379680991173,,0.14479577541351318,,0.8406016230583191,,3220
3456,-334.3385158796703,156.3421949678873,,,-331.72932945246777,,480.0,,,,,,,,0.05507366731762886,,0.15642401576042175,,0.8456464409828186,,3456
3524,-338.2096912607276,155.38213485116103,,,-458.2161280735037,,480.0,,,,,,,,0.05608237162232399,,0.15987516939640045,,0.8249934315681458,,3524
3694,-342.15405469319626,154.62806809753744,,,-468.37368453219204,,480.0,,,,,,,,0.06880319863557816,,0.18821528553962708,,0.7971439361572266,,3694
3893,-335.1644231526882,157.53990666204209,,,-104.50658231592132,,310.0,,,,,,,,0.04690122231841087,,0.14055129885673523,,0.8689221739768982,,3893
3914,-329.90339843809545,158.27437550419285,,,-151.02855814194342,,365.0,,,,,,,,0.05882307142019272,,0.1704515665769577,,0.835558295249939,,3914
3964,-323.3229557707637,160.84309403223182,,,-93.00746241415251,,339.0,,,,,,,,0.05445830896496773,,0.1513972282409668,,0.815972626209259,,3964
4109,-324.0578079369359,158.71590483726808,,,-350.51248591913475,,480.0,,,,,,,,0.062225088477134705,,0.17750106751918793,,0.8156151175498962,,4109
4112,-323.11894978003403,156.71770193649218,,,-288.3811979746657,,480.0,,,,,,,,0.056115154176950455,,0.15133894979953766,,0.837522566318512,,4112
4135,-326.5467328850893,156.1319050154491,,,-456.80249087718846,,480.0,,,,,,,,0.052904460579156876,,0.15066520869731903,,0.8373823165893555,,4135
4163,-319.0297129922736,161.1566331379192,,,-25.865937172461503,,231.0,,,,,,,,0.055699799209833145,,0.14855241775512695,,0.8463782668113708,,4163
4271,-319.83176614526354,159.25998154274063,,,-351.9138922648621,,480.0,,,,,,,,0.05224906653165817,,0.15183347463607788,,0.8197809457778931,,4271
4286,-325.7679558582769,161.8783969195822,,,-569.1517340918261,,480.0,,,,,,,,0.057744674384593964,,0.16946768760681152,,0.811922013759613,,4286
4399,-326.09819670803375,159.99933189807456,,,-339.96831239782284,,480.0,,,,,,,,0.05490691214799881,,0.15549255907535553,,0.8394633531570435,,4399
4423,-326.30871619105005,158.17673210176125,,,-335.36105396074925,,480.0,,,,,,,,0.04884720593690872,,0.14168792963027954,,0.8683860301971436,,4423
4520,-329.0030571252672,157.42711993719962,,,-447.55405823082475,,480.0,,,,,,,,0.04946865886449814,,0.13964474201202393,,0.8547435998916626,,4520
4644,-331.84392324073764,156.86842943936378,,,-459.682898436906,,480.0,,,,,,,,0.05394744127988815,,0.1591024547815323,,0.8212181925773621,,4644
4694,-332.8127725507248,155.3296969500621,,,-377.3798408101334,,480.0,,,,,,,,0.05474826321005821,,0.15304134786128998,,0.8135770559310913,,4694
4709,-335.6252345766455,154.90781022368716,,,-467.8109497949143,,480.0,,,,,,,,0.061072807759046555,,0.16811512410640717,,0.812812864780426,,4709
4773,-337.845221708089,154.08850402059207,,,-444.40460401738113,,480.0,,,,,,,,0.05103104189038277,,0.15283618867397308,,0.8327251672744751,,4773
4818,,,,,,-516.5219465354354,,480.0,85.9280018212817,85.9280018212817,0.2911737459670246,,,,,0.056752096861600876,,0.16111217439174652,,0.8266332149505615,4815
4840,,,,,,-369.85005027381703,,480.0,62.37044392171471,62.384888677912144,0.03798492228778226,,,,,0.05441728234291077,,0.148918017745018,,0.7977216839790344,4838
4924,,,,,,-365.638669699559,,480.0,61.56117644805927,61.56117644805927,0.5288670666009712,,,,,0.047079045325517654,,0.13829095661640167,,0.8013661503791809,4923
4926,-337.36689374168077,152.57658016355884,,,-313.9288233876745,,480.0,,,,,,,,0.04958464205265045,,0.1466120481491089,,0.8234187364578247,,4926
4936,,,,,,-452.6938361114116,,480.0,77.07731891109142,77.07731891109142,-0.08353773620757472,,,,,0.04312114790081978,,0.13062375783920288,,0.8659281730651855,4935
5013,-343.97090681484514,144.6580833855893,,,-327.57063031938844,,480.0,,,,,,,,0.04170408099889755,,0.12435972690582275,,0.8577429056167603,,5013
5052,,,,,,,,,,,,13.214438438415527,12.878091812133789,1.0578688383102417,,,,,,,5013
5055,-351.1063676510078,133.44604158826846,,,-307.43085589013486,,480.0,,,,,,,,0.04023232311010361,,0.11636072397232056,,0.8712555170059204,,5055
5103,,,,,,,,,,,,15.31289291381836,15.491071701049805,1.1196480989456177,,,,,,,5055
5112,-354.9396473443865,127.14283053746574,,,-234.6067855241497,,480.0,,,,,,,,0.04132145270705223,,0.12918762862682343,,0.8671544790267944,,5112
5149,,,,,,,,,,,,19.51324462890625,20.33448600769043,1.0463684797286987,,,,,,,5112
5192,,,,,,,,,,,,25.013919830322266,23.925912857055664,0.9439761638641357,,,,,,,5112
5225,-359.6733219122491,120.53953810763004,,,-302.8946997906169,,480.0,,,,,,,,0.032214488834142685,,0.10543858259916306,,0.9142325520515442,,5225
5236,,,,,,,,,,,,24.051485061645508,22.669729232788086,0.8683652281761169,,,,,,,5225
5274,,,,,,,,,,,,20.556222915649414,20.912853240966797,0.8281252384185791,,,,,,,5225
5288,-363.7642452598788,118.84146721064589,,,-414.3104281638874,,480.0,,,,,,,,0.038096826523542404,,0.12082768231630325,,0.8811800479888916,,5288
5292,-365.4362168012122,115.833758217338,,,-195.3209310301789,,284.0,,,,,,,,0.027453361079096794,,0.09712301939725876,,0.9241130352020264,,5292
5300,-361.8868254138733,117.94938708422008,,,-205.25304918930195,,480.0,,,,,,,,0.024959728121757507,,0.07758206129074097,,0.929187536239624,,5300
5302,,,-417.7416252770108,58.52483676586936,,-384.0036237648311,,480.0,9.653571677207946,23.334057927131653,-0.30919550420675485,,,,,0.04116353020071983,,0.12743455171585083,,0.8640496134757996,5302
5307,,,,,,,,,,,,25.46985626220703,25.830842971801758,0.8068913221359253,,,,,,,5302
5314,,,-400.866421000079,65.40764248669466,,-316.4903996154201,,480.0,21.03442574913303,23.972157715509336,0.8191158156693852,,,,,0.04126536473631859,,0.12605468928813934,,0.8589170575141907,5313
5339,-358.11048658409584,117.82280554089184,,,-269.54168555174584,,401.0,,,,,,,,0.026424720883369446,,0.09096157550811768,,0.9140181541442871,,5339
5354,,,,,,,,,,,,32.63981246948242,30.18533706665039,0.78481525182724,,,,,,,5339
5364,,,-373.66443216420384,90.03712125906803,,-210.4524991489528,,315.0,4.443207845233736,17.19893221022591,0.37718828432270063,,,,,0.019725201651453972,,0.06987971812486649,,0.9543226361274719,5364
5400,,,,,,,,,,,,43.166297912597656,38.27007293701172,0.782787024974823,,,,,,,5364
5436,-353.71224855743475,119.82761688794655,,,-191.79233379804987,,480.0,,,,,,,,0.02566816285252571,,0.08424994349479675,,0.8980030417442322,,5436
5447,,,,,,,,,,,,44.54439926147461,39.65004348754883,0.8116477131843567,,,,,,,5436
5482,,,-360.6642606672743,90.97460643877316,,-269.6630601887672,,408.0,20.742655069658568,21.559198149425143,0.7412603715600975,,,,,0.024725280702114105,,0.08157733082771301,,0.9380120635032654,5482
5496,-351.39227895493275,119.82736482762391,,,-294.5660427245609,,480.0,,,,,,,,0.03898528590798378,,0.11480115354061127,,0.8892016410827637,,5496
5500,,,,,,,,,,,,38.128414154052734,37.52687454223633,0.8630001544952393,,,,,,,5496
5525,,,-334.71933410378796,112.88000293783747,,-127.15992159589702,,224.0,-5.783173351814704,10.791614595667593,0.7610608033178952,,,,,0.02645072154700756,,0.10086257755756378,,0.8766351938247681,5525
5552,-346.33655861609395,123.81657130509909,,,-126.34801907872166,,198.0,,,,,,,,0.023192284628748894,,0.0758756473660469,,0.9232918620109558,,5552
5572,-344.80159744753786,123.00819157030436,,,-372.189571298789,,480.0,,,,,,,,0.029249584302306175,,0.09430316090583801,,0.9310389161109924,,5572
5582,,,-309.6248742856923,130.90184406256364,,-83.77473592283152,,204.0,19.467348787130096,19.55658798241148,0.8187014475041006,,,,,0.010868036188185215,,0.0405239500105381,,0.9408050179481506,5582
5601,-340.3307360124216,127.15169516385909,,,-114.8730791903748,,188.0,,,,,,,,0.021719371899962425,,0.07058245688676834,,0.8925600051879883,,5601
5679,-333.98114202874586,130.3116084826503,,,-114.35201506549465,,192.0,,,,,,,,0.023784037679433823,,0.08324085921049118,,0.8764663934707642,,5679
5743,,,-291.4723313165459,137.37789870444453,,-109.94690162508203,,244.0,-11.96184103019902,12.04139582250939,0.9337884871463863,,,,,0.01710936427116394,,0.06044986844062805,,0.8874776363372803,5742
5778,,,-277.05492361163556,139.95156742829616,,-118.46343885762192,,286.0,28.507415151158412,29.40446602204046,0.7087193977254095,,,,,0.021649368107318878,,0.08678271621465683,,0.8554544448852539,5777
5808,,,-276.2909921157706,134.48715550770052,,-267.12381416539154,,480.0,25.778759934660048,26.809873734073093,0.6873517286194015,,,,,0.024912986904382706,,0.08716429769992828,,0.9326003789901733,5807
5850,-331.0351136953878,135.09039159649757,,,-43.601751074680976,,480.0,,,,,,,,0.02189110964536667,,0.08108877390623093,,0.9344050288200378,,5850
5852,-323.606888069295,139.8725699020196,,,-53.10688085094745,,333.0,,,,,,,,0.0342106930911541,,0.09533911198377609,,0.7972221374511719,,5852
5878,-318.4316362762291,142.5142096782525,,,-119.56764313299564,,342.0,,,,,,,,0.02755962498486042,,0.08594459295272827,,0.9233229160308838,,5878
5880,-309.6402110313874,144.5154540929465,,,-61.58115780909809,,197.0,,,,,,,,0.0019962014630436897,,0.008901079185307026,,0.8211249709129333,,5880
5883,-299.53879196093226,150.36822920402673,,,33.373966630914104,,221.0,,,,,,,,0.025968199595808983,,0.08094481378793716,,0.8970103859901428,,5883
6000,,,,,,,,,,,,46.98558807373047,44.268165588378906,0.9234555959701538,,,,,,,5883
6020,,,-261.9115553945418,139.58104338944094,,-74.97887801856616,,158.0,34.777617183667196,34.777617183667196,-0.6580578358283119,,,,,0.008815036155283451,,0.02823347970843315,,0.9067283272743225,6018
6086,-294.03376839532035,150.19982142173362,,,-163.75812810878327,,295.0,,,,,,,,0.02418617717921734,,0.07540995627641678,,0.8100188970565796,,6086
6109,-286.6143678761521,149.5352859538542,,,-118.26228317240086,,439.0,,,,,,,,0.07176274806261063,,0.19025158882141113,,0.7237056493759155,,6109
6128,-279.11787082816295,151.17052855825767,,,-62.656577637392616,,194.0,,,,,,,,0.004009647760540247,,0.01728641614317894,,0.8477444648742676,,6128
6129,,,-256.29756002317094,136.47434574010413,,-177.7016248239791,,331.0,-30.842497295123213,31.650866542698033,0.9016236877001972,,,,,0.025488706305623055,,0.09794097393751144,,0.8456760048866272,6129
6158,-272.1819170186762,150.85868713664908,,,-109.04068588516243,,195.0,,,,,,,,0.017245009541511536,,0.0636531189084053,,0.8407726287841797,,6158
6233,-265.47863190036196,151.3989257307353,,,-89.0682059989685,,254.0,,,,,,,,0.00818464532494545,,0.031832315027713776,,0.8986136317253113,,6233
6272,,,-250.78931182274005,133.85171302014922,,-168.16558881627708,,324.0,9.370245748463972,11.5903545073521,0.84260765501624,,,,,0.021933259442448616,,0.07216059416532516,,0.8947563171386719,6272
6284,-259.66863305067704,153.33668416792793,,,-66.50575106924806,,188.0,,,,,,,,0.003286378225311637,,0.01075556967407465,,0.8404568433761597,,6284
6287,-258.418392152074,154.638943041278,,,-67.39280389748778,,189.0,,,,,,,,0.004228371195495129,,0.013778593391180038,,0.8396631479263306,,6287
6303,,,-241.3475037515983,135.23589030245796,,-90.2785746133307,,252.0,15.52239094816503,15.561880549504643,0.30657382993030835,,,,,0.011525118723511696,,0.04046081751585007,,0.8617161512374878,6303
6305,-251.22336254104775,154.42560632254617,,,-79.52710687521152,,192.0,,,,,,,,0.005745612550526857,,0.018419045954942703,,0.9216314554214478,,6305
6346,-242.6083641863806,158.14804808486988,,,35.988837069192485,,242.0,,,,,,,,0.02526739612221718,,0.07214341312646866,,0.8646782040596008,,6346
6403,,,-231.6337297045593,137.39279633970256,,-66.4995709048962,,194.0,-27.656406643464393,27.656406643464393,0.897201343375308,,,,,0.007554732263088226,,0.031560514122247696,,0.8516832590103149,6402
6455,-235.8469496368186,157.43225570959825,,,-86.89663614591501,,167.0,,,,,,,,0.015239284373819828,,0.04780459403991699,,0.8419174551963806,,6455
6472,,,-223.65656092500888,137.94455304539383,,-80.06752289310168,,186.0,28.363572378632842,28.864044580728777,0.41969211805133466,,,,,0.009115481749176979,,0.04002463445067406,,0.8866590857505798,6472
6497,-229.28910060404024,155.85814486988141,,,-106.22207136170537,,170.0,,,,,,,,0.02574584260582924,,0.08833422511816025,,0.8039973378181458,,6497
6500,,,,,,,,,,,,39.28680419921875,39.34376907348633,0.9825611710548401,,,,,,,6497
6556,-224.13077808151792,156.6484219964895,,,-73.81320332635184,,193.0,,,,,,,,0.01045148354023695,,0.04263225942850113,,0.8022281527519226,,6556
6620,-218.03483427011793,153.3155303593857,,,-153.41893750350388,,480.0,,,,,,,,0.03734651580452919,,0.11840420961380005,,0.8146626949310303,,6620
6638,-210.42607823332546,150.10956873555097,,,-87.93588269256905,,188.0,,,,,,,,0.009732170961797237,,0.03242936357855797,,0.8889800310134888,,6638
6725,-209.98698007126376,150.45048451414547,,,-82.55167421283721,,171.0,,,,,,,,0.012475748546421528,,0.04737405478954315,,0.8790213465690613,,6725
6764,,,-218.42838303524354,136.3693798696848,,-119.0930031297023,,293.0,-13.13753655644407,24.53556757026158,0.8997485315909353,,,,,0.014179014600813389,,0.06071900203824043,,0.934019148349762,6763
6776,-209.97454247766407,150.45538366012894,,,-150.40667846195828,,480.0,,,,,,,,0.02316717989742756,,0.08029287308454514,,0.8569219708442688,,6776
6779,-209.54505406365976,150.81887494051074,,,-71.53304171393664,,200.0,,,,,,,,0.005849421489983797,,0.02236766554415226,,0.8181453943252563,,6779
6786,-208.13527469023796,149.82073788036752,,,-280.02351724804544,,480.0,,,,,,,,0.03711047023534775,,0.1025233045220375,,0.8071226477622986,,6786
6901,-203.86757564595774,150.51170087503527,,,-74.99624576065189,,229.0,,,,,,,,0.006966708227992058,,0.026126576587557793,,0.8707293272018433,,6901
7000,,,,,,,,,,,,39.62077331542969,34.927818298339844,1.0196011066436768,,,,,,,6901
7002,-199.15025910434727,146.1431649906614,,,-220.93666379666723,,480.0,,,,,,,,0.045124687254428864,,0.13287250697612762,,0.8202418088912964,,7002
7192,-200.34725300319298,144.95927375146215,,,-85.71563211474572,,220.0,,,,,,,,0.009973136708140373,,0.034261785447597504,,0.8553904891014099,,7192
7222,-194.78536246874955,144.37102764612092,,,-73.81936554269333,,204.0,,,,,,,,0.006305049639195204,,0.022333769127726555,,0.8362290263175964,,7222
7232,,,-237.0938739865825,157.09572261639963,,-610.4036930133612,,480.0,116.52893827023605,116.52893827023605,0.09760136530624383,,,,,0.02737237699329853,,0.08568312972784042,,0.8514821529388428,7230
7251,-185.19656520459432,134.79189055449635,,,-89.711870884065,,174.0,,,,,,,,0.014854530803859234,,0.056902769953012466,,0.8589317798614502,,7251
7278,,,-231.28936194524422,155.77172366950643,,-109.3946090771401,,171.0,-7.355384294401135,17.155418749789746,0.9286813524926172,,,,,0.025298139080405235,,0.0804222822189331,,0.8132460713386536,7276
7500,,,,,,,,,,,,48.5534782409668,48.096195220947266,1.0262477397918701,,,,,,,7276
7511,-179.04435580309269,134.60724983593425,,,-32.35784232274079,,480.0,,,,,,,,0.022978609427809715,,0.08463258296251297,,0.8917704820632935,,7511
7538,-175.3995289287158,132.78015848740606,,,-153.11971024190356,,480.0,,,,,,,,0.02592652663588524,,0.10118408501148224,,0.8761759996414185,,7538
7568,-170.52726965467818,127.0502351058526,,,-203.9410945289441,,480.0,,,,,,,,0.041705675423145294,,0.13430123031139374,,0.7963851094245911,,7568
7614,-164.91103831436052,120.16402581551084,,,-178.87133142102374,,480.0,,,,,,,,0.040035348385572433,,0.11998553574085236,,0.8077291250228882,,7614
7642,-159.97053997649093,116.34434767761545,,,-130.35492391665204,,208.0,,,,,,,,0.0317438468337059,,0.10434127599000931,,0.8221755027770996,,7642
7658,-151.92557154013957,108.41692126064584,,,-65.56252797734723,,192.0,,,,,,,,0.004198870155960321,,0.015623492188751698,,0.8413900136947632,,7658
7676,-148.29750012709636,101.3752503773755,,,-263.0010333652196,,480.0,,,,,,,,0.03348682075738907,,0.09977776557207108,,0.8333931565284729,,7676
7759,-143.6946736815439,98.94600281138328,,,-83.78750111005262,,480.0,,,,,,,,0.032952722162008286,,0.11027725040912628,,0.8738362789154053,,7759
7771,-140.39715324598902,95.4486795782502,,,-162.694608541645,,367.0,,,,,,,,0.025245286524295807,,0.08288123458623886,,0.8357177972793579,,7771
7834,-136.07370944316858,92.63932712193396,,,-91.25866574911305,,480.0,,,,,,,,0.0228379238396883,,0.08543901890516281,,0.9014787077903748,,7834
7847,-133.3917261168668,91.68410706820094,,,-100.50761920905884,,480.0,,,,,,,,0.02023482881486416,,0.07897179573774338,,0.9138882756233215,,7847
7879,-129.18107045217334,88.58492880582989,,,-92.36191655594476,,181.0,,,,,,,,0.012962264940142632,,0.04116854816675186,,0.8628076314926147,,7879
7888,-123.20060745223918,78.67279968667472,,,-115.28727816718079,,184.0,,,,,,,,0.02129378914833069,,0.06799397617578506,,0.8584778904914856,,7888
7972,-121.00587854544646,78.1592298224171,,,-85.58448569054298,,206.0,,,,,,,,0.013993986882269382,,0.051119837909936905,,0.8071832060813904,,7972
7982,,,-224.34551208710965,155.7902834248366,,-71.58081520814926,,166.0,-29.837075881211156,29.837075881211156,0.9704700287354893,,,,,0.011168218217790127,,0.034283146262168884,,0.829372763633728,7982
8000,,,,,,,,,,,,52.93379211425781,50.21833419799805,1.0621618032455444,,,,,,,7982
8015,-115.691207159238,81.22446686362031,,,60.48052012112299,,208.0,,,,,,,,0.04784560576081276,,0.13591307401657104,,0.778266191482544,,8015
8020,,,-229.105866000723,154.20940045383182,,-338.59400601383066,,480.0,91.77726135843744,91.89567961661766,-0.04564537808795248,,,,,0.03257583826780319,,0.09805341809988022,,0.8661850690841675,8020
8082,-112.52672017918448,78.19452193269451,,,-111.31733654907066,,184.0,,,,,,,,0.018636532127857208,,0.057670969516038895,,0.8583787083625793,,8082
8132,-115.43336914831865,83.60119432022151,,,-337.12478225475843,,480.0,,,,,,,,0.03125307708978653,,0.08956953138113022,,0.8804808259010315,,8132
8140,-110.88007332178651,79.8358580031478,,,-66.90125139795383,,480.0,,,,,,,,0.030460428446531296,,0.10043877363204956,,0.8955187797546387,,8140
8150,,,-222.79615120582824,154.2232720435765,,-71.36299612835403,,181.0,-42.20657282540812,42.20657282540812,0.955535339881193,,,,,0.008149134926497936,,0.02845875732600689,,0.816097617149353,8150
8267,-110.52201889133937,79.8058233205158,,,-108.4452975563646,,187.0,,,,,,,,0.018562380224466324,,0.05567391589283943,,0.8309012055397034,,8267
8275,,,-217.25395612723443,153.7462686331016,,-78.6990791623895,,187.0,25.547433196542098,31.048692985014483,0.6711594907228654,,,,,0.011443408206105232,,0.043722815811634064,,0.8571323156356812,8275
8295,-105.18380594758978,70.50974797594944,,,-105.27892411130934,,201.0,,,,,,,,0.02047933079302311,,0.08414247632026672,,0.8723269104957581,,8295
8346,,,-223.084993164857,153.7740634735361,,-374.6919561430428,,480.0,-22.1224260614564,22.47249501210948,0.35219899101424673,,,,,0.06586824357509613,,0.18457046151161194,,0.8296709060668945,8345
8347,,,-217.6846574325238,153.58829375452922,,-71.87559265952748,,260.0,22.591440042509483,23.361010114390115,0.8019602756605277,,,,,0.0064194719307124615,,0.030679918825626373,,0.8941603899002075,8347
8358,-106.21137288524669,71.01602713512804,,,-166.25142607322084,,480.0,,,,,,,,0.027646688744425774,,0.09306897222995758,,0.8838614821434021,,8358
8500,,,,,,,,,,,,69.87902069091797,63.125465393066406,1.072034239768982,,,,,,,8358
8683,-107.86290124258308,72.13747197339039,,,-196.9284329323142,,480.0,,,,,,,,0.03787757083773613,,0.11026597023010254,,0.8691661953926086,,8683
8697,,,-218.5393242423755,150.98473560035129,,-242.469994918223,,480.0,-9.359404895594343,27.808989643941946,-0.2390366242621416,,,,,0.037138354033231735,,0.10743392258882523,,0.8610768914222717,8695
8729,,,-214.23457164355435,150.24615355477732,,-89.39674627774059,,214.0,-16.18667918067669,26.034169883232252,0.8962998451790058,,,,,0.013708404265344143,,0.039714861661195755,,0.8439880013465881,8729
8782,-113.2298229724091,76.97684281731796,,,-311.9478375659803,,480.0,,,,,,,,0.03951529785990715,,0.11129627376794815,,0.8627070784568787,,8782
8821,-115.36633034640953,76.76064509853093,,,-159.93224955096971,,480.0,,,,,,,,0.04767578840255737,,0.1390918493270874,,0.8293944597244263,,8821
8825,-117.97865599288936,79.04767579824686,,,-250.1839254569875,,480.0,,,,,,,,0.05257565155625343,,0.15836752951145172,,0.8090284466743469,,8825
8868,-120.1830981237579,78.98103378197797,,,-171.80326435252505,,365.0,,,,,,,,0.020253747701644897,,0.060036446899175644,,0.8720656633377075,,8868
8875,,,-209.24579128485541,150.30753143030097,,-59.58238052388701,,185.0,-41.405725633775866,44.71231506966256,0.9113661006789197,,,,,0.004067386034876108,,0.014530407264828682,,0.8965551853179932,8873
8975,-123.33433851903976,75.87357070688203,,,-124.18805313317904,,480.0,,,,,,,,0.041604842990636826,,0.12507152557373047,,0.8221644759178162,,8975
9000,,,,,,,,,,,,49.03322219848633,49.853126525878906,1.0978578329086304,,,,,,,8975
9003,-123.11859813369335,75.77359233733954,,,-152.97110884146318,,480.0,,,,,,,,0.01529111247509718,,0.05305059254169464,,0.9268428087234497,,9003
9026,-128.32087123233939,83.76889737004936,,,-378.37593810470185,,480.0,,,,,,,,0.031986162066459656,,0.08959898352622986,,0.8271097540855408,,9026
9089,-128.52962621923984,83.61786903933043,,,-73.09432698241575,,188.0,,,,,,,,0.012298908084630966,,0.05084158852696419,,0.8083995580673218,,9089
9197,-128.43484886111116,83.64258722604696,,,-104.30181797872785,,480.0,,,,,,,,0.014069588854908943,,0.05531398952007294,,0.942639172077179,,9197
9250,-127.99157939035007,83.90834501480109,,,-66.9047324609143,,188.0,,,,,,,,0.005525786429643631,,0.02047872729599476,,0.850918710231781,,9250
9260,,,-205.3522253999922,149.52022758248407,,-84.65168296923288,,173.0,-8.321238178910548,15.367203963112969,0.9111609821420836,,,,,0.01508837565779686,,0.05229635164141655,,0.8073859810829163,9259
9356,-128.16463455552187,83.79019596104705,,,-75.15850932783844,,212.0,,,,,,,,0.0051274849101901054,,0.018094845116138458,,0.9197003245353699,,9356
9393,-128.96044156170674,83.39726477961689,,,-107.18315420673197,,256.0,,,,,,,,0.017448026686906815,,0.061018206179142,,0.8294568061828613,,9393
9403,-129.03445260883197,83.35499355836568,,,-83.22765923147122,,202.0,,,,,,,,0.009114434011280537,,0.048336733132600784,,0.9003106951713562,,9403
9498,-131.60912907936358,80.14431219079286,,,-92.74498645738876,,238.0,,,,,,,,0.015369929373264313,,0.046965595334768295,,0.8150197267532349,,9498
9500,,,,,,,,,,,,48.172611236572266,47.97480392456055,1.1648014783859253,,,,,,,9498
9520,-134.43124208247488,80.99996993475624,,,-228.00228630147967,,475.0,,,,,,,,0.037035759538412094,,0.11564555764198303,,0.8945620059967041,,9520
9549,-135.31187428664774,80.92781636695919,,,-150.25368157034794,,480.0,,,,,,,,0.03362836316227913,,0.09862028807401657,,0.8826978802680969,,9549
9615,-137.43360591968684,80.67793763973471,,,-179.89978497830845,,480.0,,,,,,,,0.029600638896226883,,0.10505399852991104,,0.9093018770217896,,9615
9637,-135.93032303484003,81.0654166905075,,,-78.25479326116327,,210.0,,,,,,,,0.007189326919615269,,0.029887765645980835,,0.8327338695526123,,9637
9666,,,-212.65541759903869,152.92353183278001,,-446.3575679685264,,480.0,-19.762937216740102,28.62388755955423,-0.002238399782642571,,,,,0.041498467326164246,,0.11775092780590057,,0.8607738614082336,9663
9707,-136.1280664214388,80.9600928653337,,,-97.82305202250816,,178.0,,,,,,,,0.017176833003759384,,0.07566183805465698,,0.8888171911239624,,9707
9775,-137.41290309774382,80.60863643760622,,,-146.79350802808753,,480.0,,,,,,,,0.027934923768043518,,0.09602874517440796,,0.884427011013031,,9775
9784,,,-220.26545441176924,156.87228059584407,,-471.3966692318772,,480.0,9.334026849642395,23.335886919125915,0.5298986736237282,,,,,0.06361465901136398,,0.17113442718982697,,0.7684279084205627,9784
9816,,,-218.21152746326854,155.0781531256544,,-148.37801121424502,,302.0,16.7928860982917,17.826216523023632,0.8971922262546433,,,,,0.02035484090447426,,0.07876575738191605,,0.8860741853713989,9814
9833,-139.16096714674228,81.81021231808845,,,-237.8098809118807,,480.0,,,,,,,,0.027798162773251534,,0.08721365034580231,,0.8909896612167358,,9833
9863,-139.50117015931067,81.56327334037665,,,-88.54319234235622,,194.0,,,,,,,,0.013786127790808678,,0.04576016217470169,,0.8169676661491394,,9863
9934,,,-214.7672581988926,154.26083102211427,,-94.21783394573394,,222.0,-48.376096682237076,48.376096682237076,0.8782331061915861,,,,,0.011156276799738407,,0.040057484060525894,,0.9067460298538208,9934
9940,-135.64565487481326,79.35603538048966,,,-87.24775302317562,,182.0,,,,,,,,0.013090336695313454,,0.04879239574074745,,0.8695592880249023,,9940
9947,,,-210.90452836707212,153.9168687215419,,-71.84625442153552,,228.0,37.52971169457101,37.52971169457101,0.3903382372794944,,,,,0.009104261174798012,,0.045779574662446976,,0.8255999684333801,9946
9949,-136.81306794091321,78.88316890240556,,,-133.36689906564987,,480.0,,,,,,,,0.031914833933115005,,0.11351607739925385,,0.8964105248451233,,9949
10000,,,,,,,,,,,,82.45316314697266,61.15382766723633,1.2254921197891235,,,,,,,9949
10138,-134.3058252132424,78.15845972697504,,,-95.57452741312565,,220.0,,,,,,,,0.012783476151525974,,0.037467531859874725,,0.8215910196304321,,10138
10188,-134.3806319290742,78.11369462232892,,,-89.45596790633695,,178.0,,,,,,,,0.017723752185702324,,0.061402224004268646,,0.8192514777183533,,10188
10191,-134.44152790820664,78.06763170492437,,,-76.86416449931488,,187.0,,,,,,,,0.006852481979876757,,0.022531012073159218,,0.8488497138023376,,10191
10200,-139.6301545287429,83.36398866326758,,,-349.14320191087705,,480.0,,,,,,,,0.04289102926850319,,0.13326367735862732,,0.8539344072341919,,10200
10244,-140.29321102225987,82.63680748461925,,,-65.51066699858924,,293.0,,,,,,,,0.04522895812988281,,0.1339879184961319,,0.8285562992095947,,10244
10265,-139.3832797568944,82.74098293105136,,,-107.62314697363082,,195.0,,,,,,,,0.018803397193551064,,0.08323963731527328,,0.8707634210586548,,10265
10268,-137.63855962685346,82.27975441567851,,,-116.70508802689743,,480.0,,,,,,,,0.030226124450564384,,0.09943187236785889,,0.899143636226654,,10268
10276,-136.63752276918444,82.07623652930798,,,-128.81948853757316,,215.0,,,,,,,,0.02108987234532833,,0.09031178802251816,,0.8803367018699646,,10276
10377,,,-207.8635867474921,153.00039834084842,,-95.34874682303142,,235.0,10.05457176325169,19.26362991612008,0.792069730986261,,,,,0.015825336799025536,,0.054303091019392014,,0.8061707019805908,10377
10391,,,-205.22164752701804,151.9016853951189,,-104.8279571490041,,233.0,-21.059130943384293,21.61463067613446,0.9560530088258626,,,,,0.023087793961167336,,0.10004901140928268,,0.8073857426643372,10391
10396,-137.67114131832153,82.31567881846247,,,-182.03585137350544,,480.0,,,,,,,,0.03260498121380806,,0.09044178575277328,,0.8286241292953491,,10396
10453,-137.6966910003747,82.29348857341239,,,-66.8400120800056,,162.0,,,,,,,,0.004312421195209026,,0.016862835735082626,,0.8614093065261841,,10453
10500,,,,,,,,,,,,52.444129943847656,48.47362518310547,1.276004672050476,,,,,,,10453
10505,-133.9650412411253,80.74261396502216,,,-76.4185454027515,,183.0,,,,,,,,0.008987857960164547,,0.0358630008995533,,0.8488872051239014,,10505
10564,,,-202.52066279715237,150.93636539004927,,-97.18225833239146,,205.0,-43.00455553880552,43.00455553880552,0.9565216245265015,,,,,0.015237046405673027,,0.059427618980407715,,0.8843299746513367,10563
10638,-134.3376976950639,80.55294228245063,,,-102.42032380698095,,212.0,,,,,,,,0.014565883204340935,,0.04556339606642723,,0.8443025946617126,,10638
10718,-132.98066496030765,80.6352860237122,,,-94.84297180383221,,239.0,,,,,,,,0.011884995736181736,,0.043602023273706436,,0.8935315608978271,,10718
10753,-133.21275113168954,80.53149998332091,,,-102.86297431820697,,215.0,,,,,,,,0.022294210270047188,,0.08323569595813751,,0.8011691570281982,,10753
10925,,,-209.0282512049546,154.66118241437638,,-469.3317875170459,,480.0,-6.0620379716157915,38.747280363241835,-0.10871456971804365,,,,,0.03178367763757706,,0.09436910599470139,,0.9293822050094604,10925
11000,-134.89143845385348,80.70688120638339,,,-184.44198531725533,,480.0,,,,,60.87016296386719,62.4599609375,1.3441290855407715,0.025240320712327957,,0.08899789303541183,,0.8558696508407593,,11000
11004,-133.40377035884703,82.14977152367602,,,-17.978511805623686,,425.0,,,,,,,,0.019457044079899788,,0.06273433566093445,,0.9515282511711121,,11004
11005,-133.41357302916293,82.14763837090281,,,-115.7774116829751,,222.0,,,,,,,,0.018018357455730438,,0.06331713497638702,,0.8508267998695374,,11005
11014,-135.53433743988683,82.25418214334262,,,-191.62270622673816,,480.0,,,,,,,,0.02784772403538227,,0.08370163291692734,,0.829642117023468,,11014
11057,-139.5285842085434,77.34102024426592,,,-139.2318183117068,,452.0,,,,,,,,0.05869785323739052,,0.1667439490556717,,0.8033791184425354,,11057
11058,,,-206.41870527615637,153.71972719081614,,-99.42732219542792,,209.0,-45.954533984786586,45.954533984786586,0.9476452005068362,,,,,0.015990935266017914,,0.0530950203537941,,0.8676480650901794,11058
11073,,,-203.29872289328955,153.26142872710278,,-72.25946281288293,,161.0,-39.68689267050406,39.68689267050406,0.9493063454194488,,,,,0.01336861215531826,,0.050669632852077484,,0.8176854848861694,11072
11086,-139.05446104162777,77.58478891305148,,,-87.61117820328735,,480.0,,,,,,,,0.020513009279966354,,0.0765010416507721,,0.9025717377662659,,11086
11095,-138.95276276119898,77.32799902371659,,,-332.03986823331905,,480.0,,,,,,,,0.06797978281974792,,0.18476304411888123,,0.753423810005188,,11095
11248,-143.01942077160192,78.7651533523747,,,-270.2341519181013,,480.0,,,,,,,,0.029176579788327217,,0.09334871917963028,,0.9369500279426575,,11248
11332,-143.1345428231349,78.71872900323548,,,-114.20140013301457,,480.0,,,,,,,,0.0386454202234745,,0.12296203523874283,,0.8288457989692688,,11332
11345,-139.65010647866788,83.99626669407321,,,68.94289311204328,,165.0,,,,,,,,0.09372815489768982,,0.228179469704628,,0.6876474618911743,,11345
11414,,,-200.80708525345392,152.38824835417557,,-93.66666674052252,,168.0,2.571697401148932,8.110092124768666,0.8413005712978096,,,,,0.025196071714162827,,0.09611888229846954,,0.8085429668426514,11413
11442,-138.41782478397735,84.04891177605045,,,-104.6373413386956,,204.0,,,,,,,,0.019934723153710365,,0.06512457877397537,,0.8390414118766785,,11442
11487,,,-198.1154739153776,151.73957882303105,,-79.68457504001894,,220.0,12.718121541088278,18.433189179138704,0.7903099465298087,,,,,0.014588368125259876,,0.054861489683389664,,0.8123306035995483,11487
11500,,,,,,,,,,,,72.68717956542969,69.57039642333984,1.3694326877593994,,,,,,,11487
11504,-137.61046045380667,83.67604696534818,,,-156.5602164237798,,480.0,,,,,,,,0.052813101559877396,,0.15465004742145538,,0.841231644153595,,11504
11629,,,-203.14552212200084,153.82756841684235,,-429.4976914200472,,480.0,-0.16057779584079981,72.12542556071033,-0.7268414007920714,,,,,0.04234829917550087,,0.12870711088180542,,0.8783363103866577,11629
11638,-132.9157423905398,80.27907371083465,,,-77.21193440263652,,166.0,,,,,,,,0.009446310810744762,,0.029852954670786858,,0.8173126578330994,,11638
11715,-134.67069340450198,81.79527962632307,,,-247.6798002490775,,480.0,,,,,,,,0.04534114897251129,,0.15738269686698914,,0.8387849926948547,,11715
11724,-131.9482456637276,80.1541306312272,,,-114.06153841826986,,274.0,,,,,,,,0.014066454954445362,,0.04872344806790352,,0.883528470993042,,11724
11737,-132.2819581462992,80.35385322893463,,,-188.48888848110397,,480.0,,,,,,,,0.03349701687693596,,0.09736469388008118,,0.8162633180618286,,11737
11749,-131.7100766311572,80.5110216862418,,,-95.59397737607966,,192.0,,,,,,,,0.014974288642406464,,0.04706393927335739,,0.8248739242553711,,11749
11783,,,-200.8352764943232,152.98682037515678,,-94.563977621152,,186.0,-18.889000256215372,19.16456214907349,0.9069775861639903,,,,,0.0203105416148901,,0.06733578443527222,,0.8665308356285095,11782
11861,-134.00431438370356,82.68913565195683,,,-267.68299646878205,,480.0,,,,,,,,0.053155578672885895,,0.14835232496261597,,0.7555524110794067,,11861
11868,-128.4375269596928,75.06817155372526,,,-100.03656690416389,,198.0,,,,,,,,0.017463527619838715,,0.06968547403812408,,0.8300426006317139,,11868
11966,-128.64877922878742,74.92686017584012,,,-83.65694043714693,,184.0,,,,,,,,0.010887140408158302,,0.03618631884455681,,0.8381304740905762,,11966
11978,-128.81255251100146,74.88240030213085,,,-112.49048208942996,,238.0,,,,,,,,0.017619825899600983,,0.06852570921182632,,0.8624708652496338,,11978
11984,-129.5246162629544,74.45840416181238,,,-102.50792005856057,,253.0,,,,,,,,0.013578975573182106,,0.05333641916513443,,0.8540626764297485,,11984
12000,,,,,,,,,,,,89.29653930664062,82.38206481933594,1.39464271068573,,,,,,,11984
12027,,,-198.67916157923787,152.1047626038106,,-97.34176057022526,,208.0,32.071085391996,32.22279592975974,0.7515067940809004,,,,,0.0225942675024271,,0.09265174716711044,,0.8269118666648865,12025
12046,-129.7067865505837,74.33621113777282,,,-84.26702370930435,,168.0,,,,,,,,0.0155433164909482,,0.05380253493785858,,0.8344124555587769,,12046
12065,-130.26457388946946,74.26971591086738,,,-135.07252115101957,,480.0,,,,,,,,0.04030551388859749,,0.1337568461894989,,0.8519455194473267,,12065
12071,-126.61244051911406,80.7039447758989,,,99.37900928630035,,135.0,,,,,,,,0.09625627100467682,,0.23796364665031433,,0.693294882774353,,12071
12091,-126.58431114979267,80.7159885923935,,,-91.33851799131982,,178.0,,,,,,,,0.022512905299663544,,0.09628874808549881,,0.8323673009872437,,12091
12163,,,-196.52717260393695,151.2811592279135,,-93.23170178949266,,179.0,39.07131016321022,43.744412856395016,0.7887619167455132,,,,,0.016618482768535614,,0.049877528101205826,,0.853235125541687,12162
12240,-124.45032723387074,79.4063135981423,,,-121.30309050538283,,244.0,,,,,,,,0.011345772072672844,,0.03108207695186138,,0.8832865953445435,,12240
12272,,,-195.60395077801957,149.90007986337818,,-150.3660813080679,,314.0,19.133249066248062,20.148243037568538,0.9091564166914942,,,,,0.035612113773822784,,0.12870840728282928,,0.8181986808776855,12272
12313,-123.67050092493126,79.34051105607504,,,-111.26236612337509,,189.0,,,,,,,,0.018498007208108902,,0.056885890662670135,,0.8199727535247803,,12313
12314,-122.73533378756991,78.94682690644537,,,-133.14142811024084,,480.0,,,,,,,,0.054259687662124634,,0.16392704844474792,,0.8055951595306396,,12314
12332,-122.93111203399286,78.84835420675999,,,-88.04370558231138,,180.0,,,,,,,,0.017486071214079857,,0.06857851147651672,,0.8191145062446594,,12332
12350,-122.98610099678089,78.83178162565387,,,-100.5725001619098,,174.0,,,,,,,,0.01607530377805233,,0.056070033460855484,,0.8773418068885803,,12350
12354,-122.36723485647055,78.76388365079369,,,-115.85020101257038,,312.0,,,,,,,,0.016146905720233917,,0.06163053587079048,,0.8806512951850891,,12354
12377,-119.67078743935608,77.054850095135,,,-102.98751005615577,,172.0,,,,,,,,0.020853035151958466,,0.06437376141548157,,0.8427722454071045,,12377
12379,,,-187.13810342308287,143.34645587664696,,-93.22957878859971,,184.0,-22.103328158026155,23.696963778008584,0.9360869031667463,,,,,0.02248690277338028,,0.0805530846118927,,0.819852352142334,12378
12381,-119.83810865206169,76.99613712574215,,,-96.90925297763681,,231.0,,,,,,,,0.014969095587730408,,0.061367329210042953,,0.8254812359809875,,12381
12427,-120.17232410365564,76.89014260536902,,,-103.95852560287301,,180.0,,,,,,,,0.019885830581188202,,0.06672186404466629,,0.8557029366493225,,12427
12500,,,,,,,,,,,,70.82817077636719,68.73790740966797,1.445229172706604,,,,,,,12427
12547,-115.54392586650292,82.70209173127408,,,98.05301279198582,,140.0,,,,,,,,0.09173449128866196,,0.23101592063903809,,0.697881281375885,,12547
12616,-115.6443834322075,82.68082194086189,,,-100.59740569835488,,242.0,,,,,,,,0.01589682698249817,,0.05446351319551468,,0.8064249753952026,,12616
12662,-116.14571128974384,82.59646181124923,,,-114.52236078315426,,258.0,,,,,,,,0.01357817929238081,,0.048439737409353256,,0.869777500629425,,12662
12673,-116.62953962587797,82.43564069000647,,,-101.055581306021,,184.0,,,,,,,,0.022098109126091003,,0.08488145470619202,,0.81475830078125,,12673
12681,,,-181.21070985077912,141.78773186419056,,-73.48037165863053,,236.0,25.211930307291322,25.44933763601012,0.6446264544501576,,,,,0.012413729913532734,,0.05452881380915642,,0.8212757706642151,12681
12702,-113.86613548479761,76.71219030532016,,,-210.97299485685863,,480.0,,,,,,,,0.046023063361644745,,0.1444040834903717,,0.8419908285140991,,12702
12738,,,-179.5788614208399,140.11540775152392,,-284.0462482025979,,369.0,-30.577315784728302,32.951266728765596,0.818019403348445,,,,,0.027761656790971756,,0.09867452085018158,,0.9348540306091309,12738
12810,,,-172.532264034138,134.9679115838715,,-100.36396677631707,,222.0,-6.7296517971936645,11.22595978722916,0.8980637784362446,,,,,0.02181091532111168,,0.08420819044113159,,0.8362518548965454,12809
12859,-114.09775322677446,76.58321529379113,,,-77.09155409743205,,207.0,,,,,,,,0.006478715222328901,,0.02029889076948166,,0.8521535396575928,,12859
12890,-114.2658179934888,76.57804255059597,,,-116.02638530934756,,480.0,,,,,,,,0.04227963835000992,,0.12897279858589172,,0.8233849406242371,,12890
12915,-111.02235503540102,79.77377879321315,,,45.46805987749123,,222.0,,,,,,,,0.0570337288081646,,0.1713487207889557,,0.7427387237548828,,12915
13000,,,,,,,,,,,,69.15087127685547,62.899478912353516,1.456000804901123,,,,,,,12915
13009,-112.84453926529498,81.18751448329043,,,-219.92870003227125,,480.0,,,,,,,,0.03488351032137871,,0.09902926534414291,,0.8416919112205505,,13009
13027,,,-166.24978041238518,132.261925253559,,-69.8794426771901,,167.0,1.9854473989166899,19.942699947043092,0.905823213507145,,,,,0.010756323114037514,,0.031232647597789764,,0.8339047431945801,13026
13072,-111.03341047540488,80.63195979523542,,,-91.47941187900071,,239.0,,,,,,,,0.01362741831690073,,0.04876429960131645,,0.7967470288276672,,13072
13139,-113.48029767814376,81.10866791302524,,,-189.18437221694953,,480.0,,,,,,,,0.07820509374141693,,0.2149837464094162,,0.7334209680557251,,13139
13153,-113.64664028815493,81.04098923845032,,,-84.7356759033087,,185.0,,,,,,,,0.015274395234882832,,0.052037037909030914,,0.8098363876342773,,13153
13169,-113.29021277033122,81.12872278779962,,,-84.59894791579568,,188.0,,,,,,,,0.009941927157342434,,0.03860792890191078,,0.8946729302406311,,13169
13176,-112.75767179908763,81.33519458904836,,,-68.2159232416534,,475.0,,,,,,,,0.03444398567080498,,0.10749483108520508,,0.8428028225898743,,13176
13195,,,-162.24397912821746,130.67449825266766,,-116.20033540703277,,238.0,-36.02164984676016,36.02164984676016,0.8541168085463038,,,,,0.021373124793171883,,0.06995809823274612,,0.8471366167068481,13193
13236,,,-159.5267552935742,131.05578879748165,,-74.59130741679101,,373.0,-46.6039619743025,56.38763643110086,0.8557237138806301,,,,,0.008143468759953976,,0.050013791769742966,,0.8252277970314026,13235
13242,-113.35440860847213,81.36985599466965,,,-132.69981478743327,,369.0,,,,,,,,0.019500555470585823,,0.07106137275695801,,0.81864333152771,,13242
13343,-111.94015980310998,80.73405296533953,,,-113.7295450491478,,178.0,,,,,,,,0.02656828612089157,,0.08938223868608475,,0.827994167804718,,13343
13382,-110.70311466067868,82.61622517524474,,,43.87374531594162,,296.0,,,,,,,,0.045890528708696365,,0.14210501313209534,,0.8209221363067627,,13382
13499,,,-156.4273082779222,130.24445674432482,,-114.69070940616832,,238.0,53.33881100486307,53.40727953149491,0.4497079080481341,,,,,0.02929707057774067,,0.11857564002275467,,0.8144557476043701,13499
13500,-110.70821805143495,82.61654634897928,-155.75209616833192,130.48172883084342,-116.03258122078941,-93.39931611638134,202.0,181.0,4.562881799692607,9.94107276234179,0.943780037967336,73.31485748291016,73.7171859741211,1.4330811500549316,0.02302646078169346,0.02331024594604969,0.07883656024932861,0.09775388985872269,0.8687632083892822,0.8531819581985474,13500
13535,-109.43113698786347,81.84583603032125,,,-127.76865304816242,,192.0,,,,,,,,0.022386964410543442,,0.06805268675088882,,0.9037958979606628,,13535
13571,-110.87504210536795,82.98769683193345,,,-211.42707418693092,,480.0,,,,,,,,0.045018237084150314,,0.1274852603673935,,0.8303186297416687,,13571
13580,-111.38822120205879,82.92155964899611,,,-113.2701330378286,,186.0,,,,,,,,0.02453702501952648,,0.07937156409025192,,0.8234509229660034,,13580
13597,-107.85187003900174,76.9945766614598,,,-155.22231008046697,,480.0,,,,,,,,0.044534776359796524,,0.13968779146671295,,0.8035901188850403,,13597
13609,-104.48405545831415,73.41787643078904,,,-101.84342288372238,,350.0,,,,,,,,0.010526072233915329,,0.03596596047282219,,0.8487775325775146,,13609
13690,-103.97368082880286,73.43724693975278,,,-88.68266865745069,,196.0,,,,,,,,0.017819685861468315,,0.06171703711152077,,0.8364080786705017,,13690
13696,,,-156.3789037917457,130.20945105673903,,-115.11511709352008,,280.0,-8.204595636469977,15.335793605021069,0.7595659069051612,,,,,0.02550899051129818,,0.08819381892681122,,0.805665910243988,13696
13736,,,-155.59437020375745,130.60442270304364,,-70.72022222566987,,158.0,23.171344602975665,23.171344602975665,0.9660219934110189,,,,,0.013052861206233501,,0.03986681252717972,,0.8254207372665405,13736
13757,-107.35033798189005,69.16616317583406,,,-99.88996454231555,,170.0,,,,,,,,0.017205186188220978,,0.06490279734134674,,0.888256311416626,,13757
13826,-107.48223364514834,69.16715181584456,,,-111.23212450160975,,217.0,,,,,,,,0.019583137705922127,,0.061688389629125595,,0.8377603888511658,,13826
13884,-106.52820648009855,68.81169709078365,,,-108.8588581712891,,176.0,,,,,,,,0.02577819861471653,,0.08629126101732254,,0.8290868401527405,,13884
13931,-103.20021355905118,73.97891358791956,,,89.18771164973109,,168.0,,,,,,,,0.040372949093580246,,0.11022558808326721,,0.8557109236717224,,13931
13960,-103.87111832952723,75.424129367754,,,-281.2250387728798,,480.0,,,,,,,,0.03570748493075371,,0.11679358780384064,,0.9051995277404785,,13960
14000,,,,,,,,,,,,94.1200180053711,102.67466735839844,1.4376612901687622,,,,,,,13960
14009,-103.49854289162093,75.41888159353259,,,-95.43276652295542,,213.0,,,,,,,,0.013984419405460358,,0.04864184930920601,,0.8534969091415405,,14009
14034,,,-156.1336856384228,130.5056200192302,,-145.42921059088994,,224.0,52.15751802016582,52.86102343403867,0.6137839053002382,,,,,0.041380032896995544,,0.1340896636247635,,0.8415027260780334,14033
14057,-101.20883026717647,74.53654927308811,,,-74.00325725888038,,367.0,,,,,,,,0.0508110374212265,,0.1428137868642807,,0.7913944125175476,,14057
14140,-101.53002673669785,74.54626366973804,,,-111.65380085214922,,200.0,,,,,,,,0.025820434093475342,,0.08197882026433945,,0.7794236540794373,,14140
14143,-98.04322499936329,70.66959764627457,,,-93.34290960205384,,244.0,,,,,,,,0.012666380032896996,,0.046220649033784866,,0.8487345576286316,,14143
14149,-93.92933259754865,76.2041512468007,,,105.6580531865675,,179.0,,,,,,,,0.05469248443841934,,0.15001937747001648,,0.7344278693199158,,14149
14175,-97.94269549399223,80.7085249358807,,,-284.3250852593257,,480.0,,,,,,,,0.042672861367464066,,0.12929239869117737,,0.8156002163887024,,14175
14195,-100.92912868852954,83.89146774829537,,,-261.8121418162957,,480.0,,,,,,,,0.04566194862127304,,0.1366007924079895,,0.861309289932251,,14195
14216,-100.66292767648864,83.90715163324306,,,-89.1978694565154,,170.0,,,,,,,,0.012441722676157951,,0.04383934289216995,,0.8874455690383911,,14216
14248,,,-152.91543659643105,129.71055595022537,,-106.21136206580405,,225.0,-16.77250615119934,16.77250615119934,0.9172959558249996,,,,,0.023077646270394325,,0.07216521352529526,,0.8508984446525574,14247
14253,,,-164.04425903432315,145.46074327839142,,-631.419999913172,,480.0,17.633951080590485,32.53539663478732,0.3038915162940204,,,,,0.045589905232191086,,0.1373494565486908,,0.8654714822769165,14253
14325,-96.70574702783748,89.09252414548098,,,113.59200872325351,,136.0,,,,,,,,0.06071944162249565,,0.16551418602466583,,0.759006917476654,,14325
14393,,,-163.3940572182442,145.4709012301206,,-145.19153402003047,,331.0,-13.121026745195476,20.75764005475894,0.820288680745435,,,,,0.019915210083127022,,0.06101920083165169,,0.9265459179878235,14392
14417,-95.68849671416116,88.93888769499569,,,-84.21000546720266,,201.0,,,,,,,,0.00993337668478489,,0.03439943864941597,,0.8718742728233337,,14417
14423,-99.37490161618236,84.48561769741288,,,-84.94123581476015,,197.0,,,,,,,,0.013692112639546394,,0.04656275734305382,,0.8177295923233032,,14423
14470,,,-161.91531114431064,145.79032596532784,,-94.22828511959862,,174.0,-16.120808344462823,24.083121775895698,0.9787193706110001,,,,,0.0237518809735775,,0.08476901054382324,,0.7926688194274902,14470
14490,-99.65680096411025,84.48184769512358,,,-105.4334853877142,,190.0,,,,,,,,0.02323082834482193,,0.08582828938961029,,0.8208603262901306,,14490
14496,-95.69243144653385,87.95254326653954,,,76.91538537343759,,212.0,,,,,,,,0.06816040724515915,,0.1758217215538025,,0.7367538809776306,,14496
14500,,,,,,,,,,,,76.4588623046875,73.4275894165039,1.4384047985076904,,,,,,,14496
14582,,,-162.5257062372012,145.55281600326376,,-120.79832925786043,,237.0,-8.368574275497647,14.032248046076248,0.9289732301013868,,,,,0.03236886113882065,,0.125779926776886,,0.8288127779960632,14581
14592,-95.74524092533616,87.96266822086838,,,-113.90284006349171,,480.0,,,,,,,,0.03975120186805725,,0.11423519253730774,,0.8129125237464905,,14592
14625,-95.9808087964047,88.0781970740156,,,-144.91982166366788,,480.0,,,,,,,,0.01844131574034691,,0.07656387239694595,,0.9059475660324097,,14625
14660,-100.86841249201359,94.07830139935048,,,-332.4238903627566,,480.0,,,,,,,,0.09218151122331619,,0.23384027183055878,,0.7258810997009277,,14660
14744,,,-163.00821353995082,145.27340938705115,,-90.62493604237658,,196.0,-38.27583213302554,38.27583213302554,0.7519840546043367,,,,,0.017177199944853783,,0.05659442022442818,,0.8444755673408508,14743
14782,-101.01453663799568,94.08340223094558,,,-107.87870746101399,,184.0,,,,,,,,0.020213812589645386,,0.07954566925764084,,0.8399217128753662,,14782
14805,-97.43765541947852,96.81149539252185,,,62.993859913288105,,250.0,,,,,,,,0.05425437167286873,,0.1672130525112152,,0.769504189491272,,14805
14859,-97.73481439035464,96.85086931755238,,,-117.84545859996182,,207.0,,,,,,,,0.0194660983979702,,0.06854834407567978,,0.8316141366958618,,14859
14861,,,-163.51526133675202,145.02707147965947,,-105.41991273316142,,253.0,-30.013660770159937,31.38908102012906,0.9158702947252059,,,,,0.02167763002216816,,0.0643182024359703,,0.8073426485061646,14861
14887,,,-164.52210148266624,144.88986114627903,,-169.435010425413,,356.0,33.747392956544175,35.72129331219397,0.6754703043162187,,,,,0.031531497836112976,,0.09735497087240219,,0.8672528266906738,14887
14973,-97.74505503977878,96.8508085545481,,,-97.42128544884346,,241.0,,,,,,,,0.01371424738317728,,0.04846062511205673,,0.826941192150116,,14973
15000,,,,,,,,,,,,94.13518524169922,88.2715072631836,1.438658356666565,,,,,,,14973
15007,-100.62907139067568,99.11346318421668,,,-248.15934314771738,,480.0,,,,,,,,0.03465157747268677,,0.11049032211303711,,0.9206794500350952,,15007
15026,-104.42377716958492,94.97993621716954,,,-91.68227615347601,,194.0,,,,,,,,0.015932312235236168,,0.05312613397836685,,0.8216226100921631,,15026
15027,-104.68001509255647,94.98654955648328,,,-113.40930184693433,,203.0,,,,,,,,0.01721048541367054,,0.05489373579621315,,0.8796513676643372,,15027
15042,-104.2709914835213,94.98731919819315,,,-94.07118033139396,,167.0,,,,,,,,0.011645365506410599,,0.038148004561662674,,0.8731552958488464,,15042
15046,-104.46187822917749,94.99025581512906,,,-110.59991858883023,,182.0,,,,,,,,0.024081001058220863,,0.08083207160234451,,0.8310050964355469,,15046
15092,-102.47287099675778,93.77258275195808,,,-111.52263323587361,,184.0,,,,,,,,0.019043896347284317,,0.07235246896743774,,0.8683026432991028,,15092
15179,-103.30628020144547,93.72846528099822,,,-118.76201433181734,,216.0,,,,,,,,0.01923082023859024,,0.062395401298999786,,0.8554931282997131,,15179
15290,-103.62685739003403,93.79880847834741,,,-132.05524473877583,,191.0,,,,,,,,0.030321750789880753,,0.09800171107053757,,0.858485996723175,,15290
15380,-107.44571169519851,91.50995410657153,,,-145.47465538073305,,480.0,,,,,,,,0.06347279250621796,,0.19756965339183807,,0.7896400094032288,,15380
15419,,,-154.17397853741534,130.43042429828958,,-92.99754575081639,,229.0,-55.91380367685093,55.91380367685093,0.8385756700863352,,,,,0.01774291880428791,,0.07564584910869598,,0.8774635195732117,15418
15423,-108.1852687483198,92.55942503308216,,,-256.9065526883352,,480.0,,,,,,,,0.03628962114453316,,0.11144084483385086,,0.9217708110809326,,15423
15428,,,-155.52615977310003,130.11623696477983,,-163.27546372998785,,340.0,-9.815604719870231,21.34951294117114,0.28684985520756817,,,,,0.027775289490818977,,0.1000475212931633,,0.8631361126899719,15428
15500,,,,,,,,,,,,71.23020935058594,78.4439697265625,1.4533402919769287,,,,,,,15428
15544,-108.02447101887263,92.59528405777935,,,-83.43952540664222,,187.0,,,,,,,,0.011075629852712154,,0.03538745269179344,,0.8621708750724792,,15544
15555,-107.28258126284545,92.08926566781595,,,-152.08988441559003,,480.0,,,,,,,,0.024853253737092018,,0.10391484200954437,,0.8771869540214539,,15555
15568,-109.82497297811267,93.17999112746631,,,-211.85526166667063,,480.0,,,,,,,,0.036152489483356476,,0.12452422827482224,,0.7715370059013367,,15568
15588,,,-150.21871950094982,127.93462780813758,,-73.22199240631831,,203.0,12.156155725858481,15.021443826077608,0.9207631630146397,,,,,0.011626106686890125,,0.04928731545805931,,0.8885194659233093,15588
15671,-111.34587540677066,93.376239839837,,,-160.6440693486947,,480.0,,,,,,,,0.04405294358730316,,0.13789179921150208,,0.8210031390190125,,15671
15775,-111.51261567534455,93.30649216722605,,,-76.55293667034807,,180.0,,,,,,,,0.007769418880343437,,0.025855328887701035,,0.84140545129776,,15775
15810,-113.54215282618523,94.83635340563545,,,-234.17667232946667,,480.0,,,,,,,,0.06065960228443146,,0.1778080314397812,,0.8059383630752563,,15810
15822,-113.87775830394204,94.86610895251229,,,-130.50981893698943,,223.0,,,,,,,,0.025272008031606674,,0.08808588236570358,,0.8680093288421631,,15822
15839,-117.20750147355169,92.15371361830492,,,-122.61341316454063,,286.0,,,,,,,,0.01857677288353443,,0.06756173819303513,,0.8869897127151489,,15839
15847,-117.15832863254259,92.15498338356143,,,-113.57393917033495,,189.0,,,,,,,,0.02536194398999214,,0.09495800733566284,,0.8534628748893738,,15847
15896,,,-151.20755578744465,127.5116867347554,,-120.80481045309557,,212.0,-9.435858204679668,11.893816534078345,0.8533706252061307,,,,,0.02549823187291622,,0.08567409217357635,,0.8758576512336731,15895
15922,,,-155.39106158526442,128.491771357148,,-287.87436905337836,,480.0,44.34438848309219,44.34438848309219,0.8184460255134068,,,,,0.03168996796011925,,0.1003674864768982,,0.869536280632019,15922
15991,-116.71714437584012,92.15593458976406,,,-105.70944021303903,,176.0,,,,,,,,0.020572509616613388,,0.06068716198205948,,0.8544957637786865,,15991
16000,,,,,,,,,,,,88.09868621826172,79.06491088867188,1.4584661722183228,,,,,,,15991
16134,-114.6788701175188,91.16029942845061,,,-109.513361270864,,199.0,,,,,,,,0.02636072412133217,,0.08537730574607849,,0.8247478604316711,,16134
16146,-117.31025162349015,92.96273772515877,,,-244.83920833639502,,480.0,,,,,,,,0.08939313888549805,,0.22617687284946442,,0.7337092757225037,,16146
16160,-115.8967429746784,92.91283489714047,,,-84.5468776398806,,188.0,,,,,,,,0.01124116312712431,,0.03947241231799126,,0.843231737613678,,16160
16174,-115.56294806125355,92.99266785782982,,,-85.15367721247995,,179.0,,,,,,,,0.012753736227750778,,0.04597288742661476,,0.861007034778595,,16174
16175,,,-150.4386054883549,124.65870787905605,,-127.06915129756733,,266.0,-11.336657063629394,12.680828257835001,0.9044282622918947,,,,,0.026465527713298798,,0.08638659864664078,,0.8272904753684998,16175
16185,,,-150.48994276950978,124.62686775902411,,-74.44245671726972,,204.0,-24.141306707087686,29.00282818838662,0.9182515426749472,,,,,0.01057540811598301,,0.04344889894127846,,0.8072308301925659,16185
16210,-120.3699977162781,97.57809791420583,,,-329.03515140867825,,480.0,,,,,,,,0.05873535946011543,,0.17532941699028015,,0.8473463654518127,,16210
16315,-120.53581274253806,97.55019546162372,,,-108.18071585531413,,211.0,,,,,,,,0.0204913429915905,,0.08506929129362106,,0.8344614505767822,,16315
16368,-120.59950861561754,97.54513941021554,,,-114.4169181555826,,227.0,,,,,,,,0.025284551084041595,,0.0877181738615036,,0.8108974099159241,,16368
16370,,,-147.26771516914715,124.28937857560847,,-81.35861490009242,,167.0,-33.41632021151617,33.41632021151617,0.890178993876873,,,,,0.017460880801081657,,0.06119687482714653,,0.811145007610321,16370
16429,-122.40111210623263,98.14169965231713,,,-198.939032702044,,480.0,,,,,,,,0.04688252881169319,,0.1540611833333969,,0.804926335811615,,16429
16481,-122.3590603016716,98.23276054215553,,,91.29030187778262,,167.0,,,,,,,,0.05158828943967819,,0.14032268524169922,,0.8020691275596619,,16481
16500,,,,,,,,,,,,97.90323638916016,101.9221420288086,1.4535653591156006,,,,,,,16481
16507,-113.89302331395734,102.33161816207681,,,142.07681061283319,,117.0,,,,,,,,0.06492234021425247,,0.1729825884103775,,0.7204664945602417,,16507
16523,-114.42216837119364,102.30319397987938,,,-121.89001938477061,,214.0,,,,,,,,0.025140861049294472,,0.08808854222297668,,0.8311598896980286,,16523
16540,-117.53500706260917,103.38813698367012,,,-229.64519182965643,,480.0,,,,,,,,0.046268727630376816,,0.13066387176513672,,0.8148288130760193,,16540
16545,-117.59574430406954,103.38555611923401,,,-114.6906629251676,,200.0,,,,,,,,0.03277198597788811,,0.11113147437572479,,0.7941772937774658,,16545
16563,-118.05046681527413,103.32786869877768,,,-116.07903516228292,,206.0,,,,,,,,0.026816247031092644,,0.07885590195655823,,0.8019636273384094,,16563
16579,-122.38545065127062,98.2746914089567,,,-111.09113861325714,,209.0,,,,,,,,0.022346973419189453,,0.08181663602590561,,0.8572502732276917,,16579
16654,,,-147.55251637842002,124.17270496199296,,-103.63680674138388,,180.0,32.59782685041428,32.73476929002338,0.34835731446751395,,,,,0.025497671216726303,,0.10228719562292099,,0.8645124435424805,16653
16674,-123.07410502398287,99.51981633780237,,,-318.7578038949377,,480.0,,,,,,,,0.04866156354546547,,0.1417565643787384,,0.8258219957351685,,16674
16681,,,-148.70553368005199,123.61691419963144,,-117.23324560548487,,209.0,-11.125965856193925,29.301099285839847,0.838944306479874,,,,,0.02581711672246456,,0.08663616329431534,,0.8460947275161743,16681
16723,-119.9992342202051,97.5411577695999,,,-108.0686016274077,,206.0,,,,,,,,0.020430350676178932,,0.06641317903995514,,0.8354649543762207,,16723
16812,-120.32639719972848,97.46470167008357,,,-105.55601843268401,,167.0,,,,,,,,0.025089873000979424,,0.08667659014463425,,0.8428672552108765,,16812
16824,-124.36537206069319,91.70136055700814,,,-88.35673432498123,,188.0,,,,,,,,0.015760425478219986,,0.052724629640579224,,0.8246216177940369,,16824
16830,-124.60418500874798,91.61197975503725,,,-96.15065286994249,,224.0,,,,,,,,0.013485779985785484,,0.042492084205150604,,0.8449084758758545,,16830
16851,-124.8380974366782,91.52530009413104,,,-96.63685721127258,,174.0,,,,,,,,0.019654959440231323,,0.07068935036659241,,0.8671887516975403,,16851
16919,,,-151.46371886678713,123.69546637837266,,-222.56094230599018,,480.0,-10.483718013639251,37.908407020693026,0.7865748014937105,,,,,0.02756519801914692,,0.09344705939292908,,0.8685176968574524,16918
16989,-124.58992389764522,91.5943769834185,,,-93.02480843606477,,217.0,,,,,,,,0.014454969204962254,,0.05555851757526398,,0.8472893834114075,,16989
17000,-128.23183888064008,87.01559157662841,,,-105.18036377630511,,200.0,,,,,89.70449829101562,98.34883117675781,1.463219165802002,0.017709312960505486,,0.0621427446603775,,0.887471616268158,,17000
17006,-128.97522315884592,87.04876599707494,,,-151.0720539737852,,224.0,,,,,,,,0.035499922931194305,,0.12075550109148026,,0.8733379244804382,,17006
17018,-129.45980445163224,87.20347872856313,,,-169.14888630298282,,480.0,,,,,,,,0.0748991072177887,,0.1971159130334854,,0.7360720634460449,,17018
17070,-124.92173049004033,82.28867652540569,,,-105.52019228316095,,202.0,,,,,,,,0.021300239488482475,,0.0787486657500267,,0.8378024101257324,,17070
17105,-124.77990225343392,82.32403230706328,,,-100.78729563069307,,170.0,,,,,,,,0.02070791833102703,,0.06840059906244278,,0.854459285736084,,17105
17108,-128.2878744943351,77.86413550343471,,,-112.40475213177258,,211.0,,,,,,,,0.0217380840331316,,0.07150586694478989,,0.8840444684028625,,17108
17121,,,-147.35209360327215,117.06387169229674,,-240.77630479277857,,434.0,28.420279257033826,29.05245030777795,0.7107975185781074,,,,,0.029200410470366478,,0.09355871379375458,,0.8803789615631104,17120
17157,,,-144.0543610212909,109.99819232329149,,-306.51004013281585,,480.0,-35.21832700371742,36.83689528107643,0.6293180985385606,,,,,0.04049144685268402,,0.1290651559829712,,0.8718810081481934,17156
17169,-125.49692777211126,80.63988992570957,,,21.701877511230762,,245.0,,,,,,,,0.0758352130651474,,0.19280782341957092,,0.7424464225769043,,17169
17205,-127.67202803472786,81.3171517560651,,,-206.17629857967341,,480.0,,,,,,,,0.05473785847425461,,0.15227580070495605,,0.8074507117271423,,17205
17214,,,-143.50118329145897,110.04459593652699,,-120.7191247226474,,187.0,0.4678884400403436,31.13139929745924,0.5534083645604336,,,,,0.03440746292471886,,0.1076372042298317,,0.8551248908042908,17213
17255,,,-145.58043489331274,110.07592471860782,,-198.18041403842167,,259.0,33.078215211054534,33.08628280972882,0.8557603807805858,,,,,0.04333050921559334,,0.13129939138889313,,0.8676407337188721,17254
17263,,,-146.71534990748674,109.60136275652154,,-128.59200513023535,,252.0,-16.69666146427866,20.73017353529022,0.9279472231268403,,,,,0.029778165742754936,,0.09914247691631317,,0.8288105726242065,17262
17295,-124.94825048222971,79.49620824169544,,,-111.97046552280837,,168.0,,,,,,,,0.03212355449795723,,0.11750923842191696,,0.8314260244369507,,17295
17296,-125.55651947998811,79.35557554820113,,,-122.09572604139721,,204.0,,,,,,,,0.02240276336669922,,0.07475913316011429,,0.8610088229179382,,17296
17297,,,-151.46387620913754,112.38106596031486,,-332.7750619055716,,480.0,0.7546099713693063,21.520660077159604,0.6653660931712113,,,,,0.04453618451952934,,0.13771627843379974,,0.8464319109916687,17297
17500,,,,,,,,,,,,108.64205932617188,114.91995239257812,1.4708551168441772,,,,,,,17297
17553,-125.27626822460753,79.42269457849766,,,-99.39673907790515,,204.0,,,,,,,,0.01885264366865158,,0.07405667752027512,,0.8363832831382751,,17553
17652,-126.77085110287649,79.52447645203264,,,-168.80032424484213,,480.0,,,,,,,,0.034102462232112885,,0.10229983925819397,,0.8336381912231445,,17652
17697,-127.59731308420106,79.56683960068551,,,-151.9230176550589,,480.0,,,,,,,,0.038818374276161194,,0.11958753317594528,,0.8526232242584229,,17697
17716,-128.01003573134605,79.53590292687353,,,-132.1587655931222,,460.0,,,,,,,,0.06401406973600388,,0.17787198722362518,,0.7540324926376343,,17716
17762,-130.5097427629926,81.1535790529888,,,-243.7473659141438,,480.0,,,,,,,,0.059158626943826675,,0.16190148890018463,,0.7599982619285583,,17762
17782,,,-154.71133011811733,113.32854838359005,,-267.2006525979939,,480.0,24.804752588892978,31.504706671461463,0.4213774288637296,,,,,0.041315123438835144,,0.11149720847606659,,0.8205880522727966,17781
17802,,,-160.72437934565443,117.99657150542117,,-397.8347197092457,,480.0,-29.975644495959084,72.58636368326843,-0.570358040943623,,,,,0.039829324930906296,,0.1084098294377327,,0.8929495811462402,17802
17806,-130.40716573158616,81.1548021217569,,,-126.92639316845477,,480.0,,,,,,,,0.025024540722370148,,0.08423546701669693,,0.8789682388305664,,17806
17860,-129.9335648865678,81.13458292257957,,,-121.79461312981667,,221.0,,,,,,,,0.027172040194272995,,0.08388757705688477,,0.7835531234741211,,17860
17879,-126.48995570492878,79.30569726312159,,,-84.72609360638349,,179.0,,,,,,,,0.010192617774009705,,0.03622909635305405,,0.8951777219772339,,17879
17892,-126.80777980522507,79.16424878449726,,,-99.3307304214571,,431.0,,,,,,,,0.03768704831600189,,0.11268404871225357,,0.8472710847854614,,17892
17921,-126.26362039204155,79.08206281500875,,,-124.88191375641323,,234.0,,,,,,,,0.025037717074155807,,0.08296553790569305,,0.8540033102035522,,17921
17965,-123.70089099337781,78.33956691797728,,,-83.71879173348373,,175.0,,,,,,,,0.013264812529087067,,0.047643788158893585,,0.8336536288261414,,17965
18000,,,,,,,,,,,,111.74039459228516,104.32707214355469,1.4748002290725708,,,,,,,17965
18099,-122.39407236438898,78.25734885008059,,,-95.30313789925266,,179.0,,,,,,,,0.017986977472901344,,0.05818954110145569,,0.7975956797599792,,18099
18149,-120.94472628967993,79.74974349406642,,,-4.085632934895539,,273.0,,,,,,,,0.06268776953220367,,0.17543134093284607,,0.7663418650627136,,18149
18156,-118.8381555093434,78.10508147162443,,,-128.84813331264138,,221.0,,,,,,,,0.016340436413884163,,0.051729753613471985,,0.9339619874954224,,18156
18171,,,-154.11955115081352,109.47217493255768,,-139.09037777500103,,254.0,-55.81320044210577,55.81320044210577,0.9663311224035132,,,,,0.01772443763911724,,0.06440144032239914,,0.9008713364601135,18171
18182,-118.19077867595036,78.13979500948885,,,-98.14097726733591,,206.0,,,,,,,,0.017629407346248627,,0.06106604263186455,,0.8515145182609558,,18182
18201,-117.5640104916365,78.22744218261825,,,-91.27500394884817,,212.0,,,,,,,,0.011457908898591995,,0.04794381558895111,,0.8405754566192627,,18201
18211,-117.08456669054262,78.32382901721978,,,-89.60174911564185,,166.0,,,,,,,,0.02509531006217003,,0.10318563133478165,,0.8227041363716125,,18211
18251,-120.58859212513309,81.58759859799495,,,-280.91071194256125,,480.0,,,,,,,,0.0478995218873024,,0.1401565819978714,,0.8071429133415222,,18251
18261,-120.56309381348359,81.59125506078654,,,-108.23844568838942,,209.0,,,,,,,,0.020108329132199287,,0.061102814972400665,,0.8355228304862976,,18261
18323,-118.13959768769436,79.64019637318552,,,-123.66440204693485,,182.0,,,,,,,,0.024331366643309593,,0.07637906819581985,,0.8847485780715942,,18323
18328,-118.25584102368981,79.59530847868811,,,-90.35904443965221,,155.0,,,,,,,,0.01686849258840084,,0.07365746051073074,,0.8904158473014832,,18328
18360,-119.27735194485112,79.49160604531535,,,-136.2292232705448,,206.0,,,,,,,,0.027585169300436974,,0.09325532615184784,,0.8336127996444702,,18360
18365,,,-153.42225788155116,109.92840764785132,,-64.56265873231008,,195.0,-36.51204185638672,42.7704716300353,0.9342801820231427,,,,,0.00718268845230341,,0.029679547995328903,,0.8460209369659424,18365
18394,-114.7542878154933,73.64690639289451,,,-102.88194494078826,,188.0,,,,,,,,0.0157089214771986,,0.05438007041811943,,0.8247983455657959,,18394
18395,,,-155.68900367863134,109.39868668183479,,-185.5967526668908,,348.0,23.221316930035066,24.586949414734182,0.6959039323742402,,,,,0.028488362208008766,,0.09063916653394699,,0.8654760718345642,18395
18463,,,-156.221092124049,109.16016992291064,,-120.27108901140542,,227.0,-50.51517603891011,50.51517603891011,0.9248993796839734,,,,,0.029212554916739464,,0.10618835687637329,,0.8401557207107544,18463
18500,,,,,,,,,,,,80.99729919433594,93.84140014648438,1.5056723356246948,,,,,,,18463
18502,-114.49617873703957,73.69209328664765,,,-95.27526193262773,,187.0,,,,,,,,0.013150634244084358,,0.060924507677555084,,0.9049472212791443,,18502
18520,,,-157.87768319444137,108.61322976888557,,-162.5141285596393,,245.0,11.288551069035822,17.429297142855976,0.85238285156678,,,,,0.0384177602827549,,0.1267882138490677,,0.860694169998169,18519
18523,-114.41075708361178,73.69461106616048,,,-110.14583548419336,,157.0,,,,,,,,0.026619702577590942,,0.0862855464220047,,0.8358908295631409,,18523
18525,-117.57471951387696,80.35114517941011,,,-357.13715421530213,,480.0,,,,,,,,0.08166911453008652,,0.21688202023506165,,0.7723768353462219,,18525
18651,-121.76619817485351,74.60734646248454,,,-118.28363117104541,,200.0,,,,,,,,0.024523962289094925,,0.07493363320827484,,0.84676194190979,,18651
18660,,,-151.80618318876165,101.51277959690209,,-125.92269113606184,,233.0,10.952437014538843,15.6955945936907,0.8646853949323343,,,,,0.03221213072538376,,0.09959161281585693,,0.8392164707183838,18659
18669,-125.69334899744291,65.18939126704602,,,-54.28073051663712,,329.0,,,,,,,,0.0494004525244236,,0.13677804172039032,,0.7813429236412048,,18669
18731,-125.2165928693964,65.30253271538193,,,-98.05221298244456,,214.0,,,,,,,,0.018968505784869194,,0.06641389429569244,,0.8289493918418884,,18731
18836,-122.46857719205826,63.722098543715084,,,-92.24440796274878,,354.0,,,,,,,,0.07396958768367767,,0.19630096852779388,,0.7382760643959045,,18836
18837,-122.50982084260737,63.717718215232,,,-116.75284545262421,,188.0,,,,,,,,0.023653728887438774,,0.08587348461151123,,0.8597190976142883,,18837
18842,-122.34882570774967,63.743927688920635,,,-108.02927841939704,,188.0,,,,,,,,0.024244017899036407,,0.08194190263748169,,0.8558149337768555,,18842
18859,-127.00947351173309,70.87109670116996,,,-344.1235288124283,,480.0,,,,,,,,0.060308635234832764,,0.17787113785743713,,0.7614423036575317,,18859
18891,-122.57282404735042,65.4658778148227,,,-96.92533067580459,,170.0,,,,,,,,0.01491629984229803,,0.053113892674446106,,0.8673287034034729,,18891
18910,-117.36499082368331,75.93291195693995,,,152.32305955594856,,107.0,,,,,,,,0.07763879001140594,,0.19810187816619873,,0.7103968858718872,,18910
18938,,,-155.67318677781617,102.93136020605573,,-287.9141570738765,,480.0,-27.355202198152742,30.167921503509085,0.5151768667137278,,,,,0.0287042073905468,,0.09662443399429321,,0.9129610657691956,18937
18951,-117.2404863273079,75.95727236869531,,,-99.33079361391424,,226.0,,,,,,,,0.018338967114686966,,0.07127123326063156,,0.8104836344718933,,18951
18971,-117.46015509695496,75.88927442802068,,,-99.34017280733347,,214.0,,,,,,,,0.013581685721874237,,0.05679402872920036,,0.8912127614021301,,18971
19000,,,,,,,,,,,,93.8368148803711,113.66987609863281,1.5374568700790405,,,,,,,18971
19051,-117.8451216604178,75.82899738901205,,,-115.39898104308543,,195.0,,,,,,,,0.021604925394058228,,0.06379850208759308,,0.8246809244155884,,19051
19052,,,-157.81903921086544,102.81124986461337,,-204.63438222268857,,384.0,-8.745995678473264,28.953200640312087,0.3739671626509682,,,,,0.02588135190308094,,0.08805683255195618,,0.8988942503929138,19052
19078,-119.64441360655357,76.36983861484248,-157.2997978748494,103.20095394983082,-186.60145451805954,-67.26963498869097,480.0,132.0,-21.860398193877757,23.129233068814784,0.962436269007366,,,,0.042984090745449066,0.007849818095564842,0.13273578882217407,0.02328527346253395,0.8816131949424744,0.8619491457939148,19078
19098,,,-156.44240428495823,103.43281785324908,,-107.49640181350834,,218.0,39.8113624910149,42.111177432701126,0.6188727463875965,,,,,0.024012543261051178,,0.07251468300819397,,0.8046262860298157,19098
19127,,,-158.73368081866067,103.27593689348267,,-207.79340547372274,,330.0,9.638782398267226,16.724995296290427,0.8068250717020451,,,,,0.03612228482961655,,0.11807804554700851,,0.8565894961357117,19127
19165,,,-160.14743064152307,102.58070568727967,,-144.16786280175066,,379.0,-63.80640587454421,63.80640587454421,0.7186195281231444,,,,,0.017479022964835167,,0.05511567369103432,,0.8955299258232117,19165
19187,-115.59244881356021,82.78030062439203,,,109.57343121360296,,142.0,,,,,,,,0.0853867158293724,,0.20823660492897034,,0.6998832821846008,,19187
19191,-112.85642751873831,85.30157301009048,,,31.62070096478934,,232.0,,,,,,,,0.07785764336585999,,0.19721423089504242,,0.7350026965141296,,19191
19319,-111.65868216531081,85.17692341601268,,,-91.18478630241046,,201.0,,,,,,,,0.013949432410299778,,0.04502612352371216,,0.855239987373352,,19319
19322,-110.83332292970293,84.81502117110877,,,-127.88092452258806,,188.0,,,,,,,,0.0367717370390892,,0.11315547674894333,,0.8239160776138306,,19322
19334,-111.03198893717055,84.81397691591792,,,-115.45349265654202,,181.0,,,,,,,,0.025593532249331474,,0.09108644723892212,,0.8670089840888977,,19334
19335,,,-157.27452757288435,101.07090393879113,,-140.40109477066173,,252.0,12.386313974384278,24.10176774291765,0.7551478555109543,,,,,0.028886575251817703,,0.09540008008480072,,0.8354623913764954,19335
19362,-111.44134564703869,84.81293701601514,,,-121.25513112410047,,203.0,,,,,,,,0.02855125069618225,,0.08302180469036102,,0.8238067030906677,,19362
19422,-110.93335339802087,84.88168370948353,,,-87.00513968088255,,184.0,,,,,,,,0.011704363860189915,,0.043758586049079895,,0.8631645441055298,,19422
19454,-113.40235241489061,82.75656814442112,,,-101.74807333225533,,173.0,,,,,,,,0.022201430052518845,,0.07527432590723038,,0.8588128685951233,,19454
19482,-115.18513622081457,85.64565917514594,,,-295.3154888758712,,480.0,,,,,,,,0.08532611280679703,,0.22640718519687653,,0.7363919019699097,,19482
19500,,,,,,,,,,,,110.6946029663086,130.05789184570312,1.559112310409546,,,,,,,19482
19573,-115.37440562742847,85.64880256267473,,,-121.43393585350464,,216.0,,,,,,,,0.02008442021906376,,0.06944779306650162,,0.9066128730773926,,19573
19582,-114.95204875846315,85.66668354525387,,,-100.97788259313076,,206.0,,,,,,,,0.01555480994284153,,0.05202696844935417,,0.8759132623672485,,19582
19628,-115.12533575943584,85.64380301321152,,,-108.06108912653966,,189.0,,,,,,,,0.020533515140414238,,0.06333770602941513,,0.846062183380127,,19628
19722,-117.76482656856426,89.21652844054503,,,-300.77486470126274,,480.0,,,,,,,,0.038819391280412674,,0.11902376264333725,,0.9132307767868042,,19722
19760,-120.3112576440281,91.93086073454033,,,-279.2445714282505,,480.0,,,,,,,,0.049237724393606186,,0.14472147822380066,,0.8104509115219116,,19760
19765,-120.30726725228733,91.93035071855107,,,-131.95924600608492,,188.0,,,,,,,,0.03253983333706856,,0.1071186512708664,,0.8481547832489014,,19765
19770,-117.62073550287033,90.23077681154011,,,-109.42077844329248,,179.0,,,,,,,,0.019781680777668953,,0.06871722638607025,,0.8799426555633545,,19770
19792,-117.12702469618847,90.24604281728641,,,-102.24085283436163,,214.0,,,,,,,,0.014027781784534454,,0.054170120507478714,,0.8856825828552246,,19792
19832,-116.9841624087518,90.24419466915319,,,-114.65149875798377,,192.0,,,,,,,,0.029533641412854195,,0.12034622579813004,,0.8293504118919373,,19832
19877,-117.06012988550397,90.21860298807044,,,-88.52446744399207,,172.0,,,,,,,,0.012627478688955307,,0.05493335798382759,,0.9040877223014832,,19877
19913,-117.17169711383252,90.20005654254443,,,-104.90909183788519,,179.0,,,,,,,,0.025315606966614723,,0.09416619688272476,,0.8193027377128601,,19913
19935,-117.4935598479295,90.2556903937738,,,-140.9750504612612,,228.0,,,,,,,,0.036368563771247864,,0.11480683833360672,,0.8112561106681824,,19935
19946,,,-159.2071779379217,100.88792259259223,,-196.99648502818417,,313.0,30.976317831692985,31.792118702643215,0.7306363236257014,,,,,0.04174984619021416,,0.1215776577591896,,0.8027958273887634,19946
19986,-117.68279598686848,90.19457600394507,,,-93.18059868043291,,181.0,,,,,,,,0.018509475514292717,,0.06773367524147034,,0.8006794452667236,,19986
19990,,,-160.1094230741858,100.28494485072828,,-114.99169949039735,,192.0,-8.057618036555747,20.385504151694477,0.9336636442891136,,,,,0.02796580083668232,,0.08954200148582458,,0.871146559715271,19990
20000,,,,,,,,,,,,85.0534439086914,92.62464141845703,1.588792085647583,,,,,,,19990
20017,-119.11573793491978,90.39655329444598,,,-166.95023530181678,,480.0,,,,,,,,0.05935097858309746,,0.175347700715065,,0.8040899038314819,,20017
20023,,,-159.5844963697499,100.58165898059096,,-89.9540001852364,,178.0,12.642839699816168,21.770752371194657,0.8888992592529484,,,,,0.015818994492292404,,0.04774736613035202,,0.8413254618644714,20023
20063,-119.74819166375931,89.69745981955397,,,-35.70831937687328,,309.0,,,,,,,,0.07055798172950745,,0.18756401538848877,,0.7516494393348694,,20063
20087,,,-164.40251338293206,102.15245455472078,,-315.4921580758986,,361.0,-25.00040277417677,31.359619099677765,0.5478538272131053,,,,,0.03741437941789627,,0.12003642320632935,,0.9121366143226624,20087
20094,-119.2624337016594,89.71262809074734,,,-104.56023520764685,,173.0,,,,,,,,0.023010846227407455,,0.07592688500881195,,0.825872540473938,,20094
20139,-119.0641295308443,89.77003669054588,,,-88.22576872657893,,194.0,,,,,,,,0.011706078425049782,,0.04432385414838791,,0.8583272695541382,,20139
20148,,,-170.14152181627608,107.1373217844146,,-401.6411310733685,,480.0,12.522068435698747,25.445670570184788,-0.1045986861028347,,,,,0.03771950304508209,,0.12309379130601883,,0.921036422252655,20146
20185,,,-177.8683814154118,114.96941691409967,,-479.7422960731666,,480.0,-13.178412590796748,55.15657401320835,-0.7710426406890806,,,,,0.04720520228147507,,0.1382060945034027,,0.8889030814170837,20185
20197,,,-177.73807033803132,115.04413841826724,,-108.59956322449685,,186.0,-26.020719465389046,26.358720457682047,0.9036175514636162,,,,,0.024115141481161118,,0.08323676139116287,,0.868376612663269,20197
20203,-116.03718041758638,93.14424647436687,,,60.07245171404631,,198.0,,,,,,,,0.07720319926738739,,0.19434036314487457,,0.757733941078186,,20203
20290,-117.35167918215215,93.22563708982348,,,-155.32668734392973,,480.0,,,,,,,,0.0395304337143898,,0.13100354373455048,,0.7825453281402588,,20290
20328,,,-179.17803719299667,114.14267912873318,,-142.71856497393776,,248.0,-26.879981131803603,26.880887660768725,0.9313471331343574,,,,,0.02820533514022827,,0.08984562754631042,,0.8592912554740906,20328
20368,-113.66031413908694,90.283940083283,,,-96.34245978930002,,159.0,,,,,,,,0.026387376710772514,,0.09794650226831436,,0.8015916347503662,,20368
20410,-114.01298388736853,90.29651156392856,,,-125.87193310246931,,199.0,,,,,,,,0.02736017480492592,,0.09254809468984604,,0.8629529476165771,,20410
20424,-113.51201545173464,90.3110590581362,,,-98.6159802652406,,198.0,,,,,,,,0.014895378611981869,,0.05254536494612694,,0.8537793159484863,,20424
20463,-113.20552624903291,90.41505685111727,,,-75.03458430456632,,162.0,,,,,,,,0.012887024320662022,,0.049319442361593246,,0.8241937160491943,,20463
20500,,,,,,,,,,,,78.92601013183594,76.35063171386719,1.5980390310287476,,,,,,,20463
20529,-112.85182829586323,90.3588714307051,,,-118.54432561206113,,178.0,,,,,,,,0.018971124663949013,,0.06226750835776329,,0.9080547094345093,,20529
20564,-113.06351252547078,90.3476641231873,,,-113.46615642116488,,204.0,,,,,,,,0.01781177520751953,,0.06827016174793243,,0.8710750937461853,,20564
20667,,,-179.38828681657336,114.0899902831661,,-155.94169176972386,,339.0,10.929910327480957,23.847741725873806,0.6600625617470706,,,,,0.02770238183438778,,0.0978291779756546,,0.8440115451812744,20664
20753,-114.13825087184564,90.44922910455026,,,-149.01217925137104,,245.0,,,,,,,,0.02831459417939186,,0.10056103020906448,,0.8431694507598877,,20753
20780,-111.88331991966002,91.91419506271993,,,2.600712125087588,,370.0,,,,,,,,0.03299364820122719,,0.10833939164876938,,0.8593299388885498,,20780
20807,-111.76374785151056,91.59841054377355,,,-351.15855080782825,,480.0,,,,,,,,0.05263204500079155,,0.15378908812999725,,0.8139423727989197,,20807
20844,-114.28904815495575,93.46484943711528,,,-244.5486463433058,,480.0,,,,,,,,0.07495298236608505,,0.19681978225708008,,0.7405915260314941,,20844
20855,-115.42963874393483,93.07273840001095,,,-111.31025996558961,,185.0,,,,,,,,0.029666496440768242,,0.10495883226394653,,0.8494466543197632,,20855
20918,-115.29456470927958,93.10275568447473,,,-91.29851124968391,,171.0,,,,,,,,0.011961867101490498,,0.036727722734212875,,0.9118877053260803,,20918
20968,,,-178.93959863590368,114.42053075549836,,-83.77695303231945,,185.0,-42.37225512942752,44.540524284259696,0.9050910324293471,,,,,0.016159217804670334,,0.053470008075237274,,0.8456757068634033,20968
20996,-117.33570131097633,93.69189811042963,,,-194.30123804758583,,480.0,,,,,,,,0.06455015391111374,,0.1703081727027893,,0.7511522173881531,,20996
20998,-116.04582302646695,94.13395195793117,,,-52.2589312271561,,367.0,,,,,,,,0.04703941196203232,,0.1374611109495163,,0.7978047132492065,,20998
21000,,,,,,,,,,,,97.2916030883789,95.6068344116211,1.596502661705017,,,,,,,20998
21081,-115.64526407844845,94.20979266848136,-169.98811081689198,94.43325596495015,-88.00133101847156,-183.8456089625892,176.0,300.0,43.67293846388658,43.96547760268052,0.7368251650078065,,,,0.01205307524651289,0.036681629717350006,0.03958974778652191,0.12674465775489807,0.8524711728096008,0.8692184686660767,21081
21102,,,-171.276947559291,94.52574390555249,,-209.63337113998148,,480.0,-8.602335594718655,23.07674015077452,0.5714907770606796,,,,,0.035533953458070755,,0.10966721177101135,,0.8419691324234009,21102
21107,-111.4173848678341,88.4273780675639,,,-132.72956828171058,,232.0,,,,,,,,0.025396157056093216,,0.08402649313211441,,0.8873341679573059,,21107
21139,-111.99968873413098,88.4258923922919,,,-126.04052399064811,,183.0,,,,,,,,0.042132481932640076,,0.12417607754468918,,0.7845420837402344,,21139
21173,-119.69079078012795,81.55839299810562,,,-232.2320427439012,,480.0,,,,,,,,0.03900140896439552,,0.12331786751747131,,0.8139654994010925,,21173
21266,-119.90307866641737,81.51892631833108,,,-109.9451879283847,,201.0,,,,,,,,0.024316463619470596,,0.08742891252040863,,0.8265324831008911,,21266
21275,,,-171.35170815131002,94.46623588257022,,-97.9663147205491,,190.0,-45.22715097571674,45.22715097571674,0.926602231104121,,,,,0.018891725689172745,,0.055906135588884354,,0.8891628384590149,21273
21288,-120.42685079513248,81.46924155190626,,,-125.52877924308791,,247.0,,,,,,,,0.023097073659300804,,0.07149425148963928,,0.8150358200073242,,21288
21354,-117.95547710861753,83.43479799264364,,,8.169703282663319,,271.0,,,,,,,,0.051441896706819534,,0.1499701589345932,,0.8386339545249939,,21354
21396,-112.19791498674965,88.29057206260507,,,101.27665157533325,,132.0,,,,,,,,0.08745381236076355,,0.2204515039920807,,0.7449823021888733,,21396
21397,-112.41442146777081,87.75814563553413,,,98.74810716254552,,204.0,,,,,,,,0.051572535187006,,0.13610953092575073,,0.748948335647583,,21397
21404,-115.17376047110209,85.3211128505838,,,-106.3462492017754,,168.0,,,,,,,,0.02326839044690132,,0.077143095433712,,0.8626598715782166,,21404
21419,-115.75487985328496,85.25466948764107,,,-120.24075541155405,,174.0,,,,,,,,0.027496905997395515,,0.09627064317464828,,0.8568572402000427,,21419
21467,,,-170.71483279648376,94.91120600184111,,-88.95456151655016,,222.0,-67.50602720932918,67.50602720932918,0.8831436398417902,,,,,0.01522739790380001,,0.05141562595963478,,0.828062117099762,21467
21500,,,,,,,,,,,,105.88469696044922,105.45484924316406,1.6052030324935913,,,,,,,21467
21511,-115.44962054445841,85.23802832335726,,,-112.61795908126011,,189.0,,,,,,,,0.02747638151049614,,0.07840918004512787,,0.8060951232910156,,21511
21520,-115.32005820688387,85.24284722286227,,,-108.97537577781559,,196.0,,,,,,,,0.019898826256394386,,0.07397674024105072,,0.8724197149276733,,21520
21522,-112.10428500945496,87.94822324211049,,,39.53352874734564,,232.0,,,,,,,,0.06793549656867981,,0.17261554300785065,,0.7595541477203369,,21522
21590,,,-177.9421782552115,102.02918169887565,,-451.99220897876086,,408.0,120.7554594501853,120.7554594501853,0.7994940310415346,,,,,0.0274345763027668,,0.09122521430253983,,0.9647867679595947,21590
21595,,,-178.5881700589581,101.66958397192498,,-137.7195029204909,,209.0,54.85342236483496,54.85342236483496,0.7584563374457419,,,,,0.027149828150868416,,0.07479643821716309,,0.9377133846282959,21594
21596,,,-178.02821534301972,101.79547597875145,,-141.43727462849526,,294.0,8.780020361449443,38.592754199796794,0.8760338696199421,,,,,0.020011242479085922,,0.0820685401558876,,0.9107072353363037,21596
21603,-112.65315440375876,87.87547603879138,,,-114.44860939607348,,197.0,,,,,,,,0.020438743755221367,,0.06818632036447525,,0.8497291803359985,,21603
21617,-112.76299363153714,87.86520839227936,,,-107.24003472117339,,177.0,,,,,,,,0.02023213356733322,,0.07270963490009308,,0.9098524451255798,,21617
21674,-108.77950735667217,83.92522927893737,,,-96.14117513262259,,204.0,,,,,,,,0.013557929545640945,,0.045098599046468735,,0.8608325123786926,,21674
21714,,,-178.64987257180368,101.36831603955333,,-124.08040719001403,,306.0,-48.02526050494387,49.01776129318998,0.7907511004953138,,,,,0.02390657365322113,,0.07990572601556778,,0.825744092464447,21714
21801,-105.68717011859454,86.21917141038638,,,33.182926050376224,,340.0,,,,,,,,0.045606404542922974,,0.14078472554683685,,0.7746001482009888,,21801
21803,-105.49451729655974,86.2402381382308,,,-91.34524149139091,,181.0,,,,,,,,0.015154439955949783,,0.05148925632238388,,0.8270901441574097,,21803
21868,-105.04241945953981,86.28483772512205,,,-85.45619727554254,,184.0,,,,,,,,0.010591138154268265,,0.03784584999084473,,0.8964596390724182,,21868
21885,-100.92106952916889,81.63332750350119,,,-94.70736818271648,,480.0,,,,,,,,0.04276463761925697,,0.13722136616706848,,0.8235521912574768,,21885
21949,-97.47303858187243,77.56821002317541,,,-106.8430240634283,,190.0,,,,,,,,0.020665504038333893,,0.07448949664831161,,0.832297682762146,,21949
22000,,,,,,,,,,,,122.82815551757812,116.89682006835938,1.6144647598266602,,,,,,,21949
22016,-97.33844167976491,77.51407248240005,,,-125.22940090070877,,224.0,,,,,,,,0.02500130794942379,,0.08410754054784775,,0.8726025223731995,,22016
22020,-97.61592660446038,77.58163224442333,,,-123.29502467806677,,184.0,,,,,,,,0.031224070116877556,,0.0970022976398468,,0.8490045070648193,,22020
22042,-97.44996725521708,77.5804366125158,,,-93.94288537219519,,205.0,,,,,,,,0.013753247447311878,,0.043734993785619736,,0.8648379445075989,,22042
22079,-98.73493365935188,78.38263021536102,,,-178.8998189647241,,479.0,,,,,,,,0.05193925276398659,,0.14324139058589935,,0.8090859651565552,,22079
22083,-98.86184931819865,78.37113151551968,,,-94.87025038633105,,166.0,,,,,,,,0.022036375477910042,,0.07251611351966858,,0.8130970597267151,,22083
22133,-98.91874453482511,78.37653341139334,-178.36905052467748,101.6455804453183,-107.75385266920821,-71.26791998322649,176.0,140.0,-22.838509861912048,25.949321989502227,0.9637247147040999,,,,0.022898556664586067,0.01502170693129301,0.07647645473480225,0.05500873550772667,0.8455057740211487,0.8265800476074219,22133
22137,,,-186.15344885721268,114.30695977451164,,-552.4953803567477,,480.0,46.50901103032132,57.672737717504305,-0.6567211149183745,,,,,0.03106904961168766,,0.09814736992120743,,0.9411398768424988,22136
22213,-98.05292975949834,78.14593510533511,,,-97.68431169492301,,195.0,,,,,,,,0.017939088866114616,,0.07677271217107773,,0.8259655237197876,,22213
22215,-97.90199872078743,78.16248572181242,,,-85.63404674488787,,190.0,,,,,,,,0.013538640923798084,,0.05067751184105873,,0.8152278065681458,,22215
22242,-97.43918615656898,77.8200293585732,,,-143.8096070908921,,291.0,,,,,,,,0.019953593611717224,,0.06605332344770432,,0.8875743746757507,,22242
22265,-98.69272312924757,77.31875266578763,,,-98.38516801080343,,156.0,,,,,,,,0.026986028999090195,,0.09736410528421402,,0.837338387966156,,22265
22275,-98.98067583653489,77.36686349522867,,,-118.95787057201365,,210.0,,,,,,,,0.02611534297466278,,0.10437482595443726,,0.8167567849159241,,22275
22285,,,-187.6713446477162,113.29669484180867,,-149.1167819314957,,315.0,-11.185857387762221,13.457477897121793,0.8552406720780711,,,,,0.01957697980105877,,0.0649230033159256,,0.8758547902107239,22285
22319,-98.82636776672962,77.3958490039578,,,-80.51036523631619,,156.0,,,,,,,,0.013564608059823513,,0.05521461367607117,,0.83504319190979,,22319
22372,-102.8980084865814,74.21923123423622,,,-143.50958427854243,,210.0,,,,,,,,0.031042441725730896,,0.09062743186950684,,0.8334513902664185,,22372
22399,-102.03654035708433,73.85477136079538,-188.5432782134061,112.94595101159004,-112.25328086907666,-164.4014887375884,202.0,299.0,-51.12503922304581,53.75248375265893,0.8220682023659049,,,,0.01709972694516182,0.032220259308815,0.05525151267647743,0.10748714953660965,0.8877412676811218,0.8519741296768188,22399
22417,-102.94008858391919,74.05566197440281,,,-141.5198711310411,,241.0,,,,,,,,0.02971487119793892,,0.09783387184143066,,0.8197460174560547,,22417
22426,,,-186.59213770746118,112.05226697689064,,-190.31734375613345,,357.0,7.003891533830252,14.821657130364276,0.7800194003171164,,,,,0.02607693336904049,,0.08206771314144135,,0.894585907459259,22424
22462,-102.59216870124932,73.98794189022632,,,-108.47593896897637,,184.0,,,,,,,,0.02539268136024475,,0.09325111657381058,,0.8443402051925659,,22462
22486,,,-189.63043203306992,112.45596568878743,,-278.98386757800415,,480.0,21.945839413255452,28.912460299084582,0.29097498721853965,,,,,0.03132476657629013,,0.09909767657518387,,0.8656125068664551,22485
22500,,,,,,,,,,,,103.31027221679688,101.81012725830078,1.6241227388381958,,,,,,,22485
22620,-102.79111934749187,73.99035681260115,,,-108.56351257736885,,210.0,,,,,,,,0.017509955912828445,,0.06159684807062149,,0.8389314413070679,,22620
22622,-103.48620251744593,73.88951610730302,,,-109.78874280226829,,192.0,,,,,,,,0.02219882234930992,,0.08583414554595947,,0.849975049495697,,22622
22629,-103.2508257205186,73.85991222982838,,,-106.77548576569504,,183.0,,,,,,,,0.01973644830286503,,0.05942993238568306,,0.8691543936729431,,22629
22631,-102.87639388970287,73.85463089911941,,,-94.74456488037977,,181.0,,,,,,,,0.012739944271743298,,0.040183622390031815,,0.8872857689857483,,22631
22727,-103.20763945147215,74.09755401504255,,,-165.57445733983428,,480.0,,,,,,,,0.04056307673454285,,0.1240575835108757,,0.8455091118812561,,22727
22734,,,-191.64367135510813,111.27059715916197,,-175.10442281918034,,437.0,-112.01087308947841,118.4031782759443,-0.15885060319033092,,,,,0.05094784498214722,,0.146721750497818,,0.8367518186569214,22734
22752,-105.10499648380164,72.56261635873236,,,-92.26713949138718,,202.0,,,,,,,,0.013457856141030788,,0.04684115946292877,,0.8560056686401367,,22752
22798,-100.40273144330551,63.51982972813871,,,-116.04529878302223,,211.0,,,,,,,,0.025789756327867508,,0.08645524829626083,,0.825948178768158,,22798
22838,,,-191.67223481741698,111.24246277275375,,-82.78678801553616,,166.0,-15.745525855615915,16.450478655746185,0.8850556543497533,,,,,0.01038906816393137,,0.03268526494503021,,0.8533223867416382,22837
22845,,,-191.58979056647328,111.30918474801237,,-99.51459419419928,,200.0,5.035264847874641,15.747970231175422,0.8559968849906524,,,,,0.020128298550844193,,0.06409482657909393,,0.8285863995552063,22845
22851,-101.92662409478719,67.73392622205584,,,-320.7432789173886,,480.0,,,,,,,,0.03827688843011856,,0.11777380853891373,,0.900126576423645,,22851
22882,-102.39726334757002,67.87909059652232,,,-134.8422226047307,,229.0,,,,,,,,0.024458905681967735,,0.07649479806423187,,0.8672401309013367,,22882
22892,,,-191.45064326242522,111.40635696155502,,-110.27588040308184,,276.0,-33.95191375479318,40.40617378487967,0.7763001430989019,,,,,0.022024376317858696,,0.07405784726142883,,0.8243933916091919,22891
22937,-102.88041999253244,67.88434757285447,,,-115.45634349780532,,200.0,,,,,,,,0.024784205481410027,,0.09786447137594223,,0.8411087393760681,,22937
22980,-101.08028120052228,66.61778146478756,,,-104.29429844707823,,190.0,,,,,,,,0.017368460074067116,,0.0602276548743248,,0.8721732497215271,,22980
22992,-102.14592460963623,66.2534580647522,,,-105.54110168285318,,202.0,,,,,,,,0.017998788505792618,,0.05944981426000595,,0.8531105518341064,,22992
23000,,,,,,,,,,,,75.86040496826172,76.93867492675781,1.65044367313385,,,,,,,22992
23039,,,-189.16031308706363,111.91919255165237,,-108.04443353790992,,213.0,-55.01266251763268,55.01266251763268,0.9485169118710023,,,,,0.021350229158997536,,0.07620847225189209,,0.8169302940368652,23038
23076,-102.372599621153,66.22405869613387,,,-99.33508159431108,,190.0,,,,,,,,0.01956351287662983,,0.064190573990345,,0.8725189566612244,,23076
23086,-102.11155722596872,66.12953993520372,,,-119.67744852249494,,212.0,,,,,,,,0.023105399683117867,,0.08356180787086487,,0.8798734545707703,,23086
23090,-101.76150703567282,66.04822173952277,,,-108.53801447585502,,206.0,,,,,,,,0.014973388984799385,,0.04488547891378403,,0.9081598520278931,,23090
23108,-98.89072965331872,63.3805226010035,,,-88.69317362619614,,190.0,,,,,,,,0.014529284089803696,,0.046825066208839417,,0.7926476001739502,,23108
23135,-98.89912332978778,63.38201379338894,,,-110.36487175183684,,168.0,,,,,,,,0.023079954087734222,,0.08375873416662216,,0.8587506413459778,,23135
23193,,,-186.01100122471402,112.63563400004817,,-83.31071167529778,,163.0,31.785539498724088,34.83492101226116,0.49948150868965185,,,,,0.014040299691259861,,0.050422146916389465,,0.8661906719207764,23193
23281,-98.17873917522753,63.279864264705985,,,-89.50957151507423,,194.0,,,,,,,,0.015304762870073318,,0.05106179416179657,,0.7537108659744263,,23281
23290,-100.25747754677894,61.43237381728281,,,-95.76721529490717,,160.0,,,,,,,,0.019427141174674034,,0.07940806448459625,,0.874485194683075,,23290
23330,-105.16907053471587,54.55541091635643,,,-144.3029978215147,,480.0,,,,,,,,0.04123526066541672,,0.1319582611322403,,0.8643259406089783,,23330
23357,-108.88451998110622,46.232332789168154,,,-87.0243651569717,,160.0,,,,,,,,0.014020315371453762,,0.045716095715761185,,0.8552801012992859,,23357
23360,-108.92510428028882,46.230977433195484,,,-108.37546416090473,,192.0,,,,,,,,0.026151150465011597,,0.08841925114393234,,0.8103015422821045,,23360
23375,-108.74677649798492,46.2041743090885,,,-111.32436629635994,,212.0,,,,,,,,0.020515697076916695,,0.07065330445766449,,0.8691746592521667,,23375
23416,-108.86965223475005,46.22247176748959,,,-118.76174591951639,,209.0,,,,,,,,0.024376580491662025,,0.08383231610059738,,0.8296167850494385,,23416
23419,,,-181.8446555185904,111.95207961669593,,-98.19275482663494,,191.0,-31.11403763543873,31.327676424181274,0.910263876365081,,,,,0.019219515845179558,,0.06029953435063362,,0.8254066705703735,23419
23450,-109.02958435967957,46.23639312730617,,,-116.97198202429114,,197.0,,,,,,,,0.018533462658524513,,0.06662213802337646,,0.8634320497512817,,23450
23470,-109.59099414150036,44.56947773761569,,,11.463039656306297,,237.0,,,,,,,,0.09938424080610275,,0.2452835887670517,,0.7038125395774841,,23470
23500,,,,,,,,,,,,80.75628662109375,85.73863983154297,1.6700183153152466,,,,,,,23470
23539,-109.46401082628799,44.56450142187716,,,-108.0994436354559,,167.0,,,,,,,,0.03262890875339508,,0.1118171289563179,,0.777237594127655,,23539
23544,-109.69865073820282,44.58305573186508,,,-118.97203031691392,,213.0,,,,,,,,0.028018901124596596,,0.09189203381538391,,0.8306713700294495,,23544
23564,-110.12858165657781,44.55388301426537,,,-117.63772105137107,,217.0,,,,,,,,0.025091659277677536,,0.09767038375139236,,0.8145431876182556,,23564
23577,-113.06034799195386,39.571507711121505,,,-113.40539071842812,,205.0,,,,,,,,0.02463644929230213,,0.08114059269428253,,0.8570785522460938,,23577
23583,,,-182.12013039936596,111.81819828620606,,-134.49286876142472,,199.0,34.53268583126403,38.325423974188126,0.6313761465760807,,,,,0.034203268587589264,,0.10855347663164139,,0.8885507583618164,23583
23616,-113.26757537733698,39.48428180070997,,,-101.70661076054616,,197.0,,,,,,,,0.015656201168894768,,0.057988230139017105,,0.8450352549552917,,23616
23641,,,-180.24103584542726,112.32083825239658,,-104.22568634148578,,240.0,-20.593225942055383,20.68205878138542,0.5219006429455784,,,,,0.016481485217809677,,0.05659114941954613,,0.8953551650047302,23641
23657,,,-180.1049279681377,112.38744648735998,,-121.7866112657594,,218.0,23.97019936923587,26.2818698300681,0.8563964421361897,,,,,0.031031733378767967,,0.10518623888492584,,0.8290951251983643,23657
23732,-113.64682624882659,39.30599522344865,,,-104.41874085002297,,204.0,,,,,,,,0.020831484347581863,,0.08353214710950851,,0.8068673014640808,,23732
23771,,,-179.65830934531743,111.82281260788248,,-310.4441307645581,,480.0,-85.03327881606917,95.0613579125454,-0.775932743248633,,,,,0.026738887652754784,,0.0894077718257904,,0.9469450116157532,23771
23775,-114.1090273471415,39.21634157816572,,,-117.81742309846274,,193.0,,,,,,,,0.026048066094517708,,0.08136694878339767,,0.8108084201812744,,23775
23799,-114.32747231943085,39.205678097610374,,,-117.76527267789614,,205.0,,,,,,,,0.02256706915795803,,0.06851387768983841,,0.8829678893089294,,23799
23858,-116.03052892126445,41.42871088560409,,,-210.3822309923879,,480.0,,,,,,,,0.06206221878528595,,0.17100819945335388,,0.7848083972930908,,23858
23916,-115.33283401951083,41.59391076776773,,,-88.41027959038567,,188.0,,,,,,,,0.010799652896821499,,0.03517622500658035,,0.8362033367156982,,23916
23964,,,-175.99878946966447,111.89203604208588,,-84.22465881534607,,222.0,3.3021353058986835,5.846501317647126,0.9749958120170047,,,,,0.009870966896414757,,0.04251866415143013,,0.8593953847885132,23964
23970,,,-169.58482651964354,108.12002575864966,,-77.13657220819802,,183.0,-8.232801490142696,27.479220717982518,0.9257007191909536,,,,,0.016142161563038826,,0.056518830358982086,,0.8036221861839294,23970
23992,-115.71415461645502,41.483314976849,,,-113.00891521940518,,190.0,,,,,,,,0.02275959588587284,,0.07297497242689133,,0.8541802763938904,,23992
24000,,,,,,,,,,,,88.79790496826172,90.25144958496094,1.6888984441757202,,,,,,,23992
24007,,,-173.10551701094784,109.92081128625222,,-315.1249023402154,,480.0,-24.850420332948367,43.29403873781363,-0.419200612407778,,,,,0.03197310119867325,,0.09083769470453262,,0.9318835139274597,24006
24054,-114.93882033485747,40.64900266035815,,,-140.13310488484566,,195.0,,,,,,,,0.027771562337875366,,0.09114474803209305,,0.9164631366729736,,24054
24107,-115.3157818252815,40.5484174722359,,,-113.71832490753215,,181.0,,,,,,,,0.026340585201978683,,0.07910604029893875,,0.8120359778404236,,24107
24118,-115.16995830967153,40.58844089243793,,,-100.46267688871009,,200.0,,,,,,,,0.016693884506821632,,0.059061210602521896,,0.855431079864502,,24118
24173,,,-173.27250895135205,109.76201354697244,,-72.9122557525222,,158.0,-21.711941865048832,30.572672239210032,0.9249325631992142,,,,,0.00899154506623745,,0.028354134410619736,,0.9210541248321533,24173
24207,-115.77260652011529,40.54802344392721,,,-127.81672221711263,,480.0,,,,,,,,0.029383022338151932,,0.11176382005214691,,0.8545909523963928,,24207
24255,-116.59859012502946,40.345811301458625,,,-126.93322699059561,,196.0,,,,,,,,0.02539418451488018,,0.0899575874209404,,0.8718709349632263,,24255
24263,-116.24533727145081,40.18301061566295,,,-126.14696441195919,,206.0,,,,,,,,0.027762524783611298,,0.10673119872808456,,0.8604328036308289,,24263
24268,-116.63500973885294,40.102312859125234,,,-117.86879138091044,,197.0,,,,,,,,0.025980345904827118,,0.08098806440830231,,0.8388599753379822,,24268
24316,-116.40987342469134,40.12023439159279,,,-107.70105486393264,,183.0,,,,,,,,0.022522099316120148,,0.0788765400648117,,0.8124590516090393,,24316
24411,-116.78355688512418,39.870357784229356,,,-99.19453825795823,,196.0,,,,,,,,0.016456972807645798,,0.04909589886665344,,0.8379185199737549,,24411
24412,-116.16625655396253,39.690318516799984,,,-112.64456772045992,,200.0,,,,,,,,0.022166259586811066,,0.08178194612264633,,0.8575146198272705,,24412
24437,-116.13334962018696,39.69423097222978,,,-110.60793418029898,,203.0,,,,,,,,0.022879108786582947,,0.08023460954427719,,0.8624709844589233,,24437
24460,-118.33024144610673,43.859607917912946,,,-251.36446242702954,,480.0,,,,,,,,0.05469885468482971,,0.16075409948825836,,0.7930833101272583,,24460
24461,-118.28142413961585,43.87190560099766,,,-106.03507364443253,,236.0,,,,,,,,0.01816108636558056,,0.06901603192090988,,0.8324527144432068,,24461
24482,,,-171.29524924747471,110.41073950399503,,-86.73376747302265,,161.0,10.990677992379442,17.110022762917584,0.8419466152082441,,,,,0.01619129627943039,,0.04681926220655441,,0.8282371163368225,24482
24500,,,,,,,,,,,,120.79243469238281,104.91157531738281,1.692941427230835,,,,,,,24482
24509,,,-170.97353737528672,110.58224532879773,,-104.18549540200692,,206.0,32.643693530443805,32.643693530443805,0.7607226673404209,,,,,0.02173423394560814,,0.069429412484169,,0.8461782932281494,24509
24529,-118.40284390181704,43.85323936968494,,,-114.63450068742785,,195.0,,,,,,,,0.0241905078291893,,0.07901515811681747,,0.8392118811607361,,24529
24593,-114.75117950683915,51.37524895899501,,,72.79447694662564,,226.0,,,,,,,,0.05828755721449852,,0.16132700443267822,,0.7877075672149658,,24593
24628,-114.81386530724141,51.36739068782738,,,-109.9097757858089,,194.0,,,,,,,,0.019480109214782715,,0.0766654759645462,,0.8802211284637451,,24628
24656,,,-169.45042210507142,111.2109545757,,-86.35836504887334,,184.0,25.033685292562712,25.104700235892896,0.8854146054674219,,,,,0.012910032644867897,,0.043280117213726044,,0.8215051889419556,24656
24681,-114.94726578910073,51.32374018054709,,,-101.41458897334566,,206.0,,,,,,,,0.013808256946504116,,0.04354177787899971,,0.8802775144577026,,24681
24749,-111.52216102353154,53.49911425552591,,,5.680780938625185,,278.0,,,,,,,,0.05862206965684891,,0.16142238676548004,,0.7397407293319702,,24749
24775,-111.90322774614874,53.42841669687288,,,-111.32047562224773,,197.0,,,,,,,,0.0204631220549345,,0.06987626105546951,,0.834021806716919,,24775
24789,-111.3852500499681,53.511227361197584,,,-90.14641397398962,,176.0,,,,,,,,0.017058677971363068,,0.062077268958091736,,0.8130585551261902,,24789
24814,,,-176.02473620299995,117.95509804146026,,-454.6383960324906,,480.0,-28.963645684657,46.673638824559745,-0.037859246933639935,,,,,0.04012755677103996,,0.11877983808517456,,0.9026035070419312,24813
24847,-102.36636480931357,55.43260447419634,,,130.20098311533866,,136.0,,,,,,,,0.06130792200565338,,0.17097069323062897,,0.726791501045227,,24847
24907,-105.01053837503814,59.89247270437743,,,-267.0509008909602,,480.0,,,,,,,,0.060124240815639496,,0.17223143577575684,,0.7874133586883545,,24907
24919,-102.98644739214707,61.201078730464886,,,-14.251794353251373,,265.0,,,,,,,,0.07048197835683823,,0.18854373693466187,,0.782927930355072,,24919
24931,-102.88779485017784,61.20286656675652,,,-99.36167134861492,,185.0,,,,,,,,0.017631081864237785,,0.05543255805969238,,0.8354892134666443,,24931
24938,-103.11354286564105,61.23304646716329,,,-116.82850245601433,,220.0,,,,,,,,0.022950420156121254,,0.07257378101348877,,0.8501226305961609,,24938
24960,-99.17447273864775,67.37618739059637,,,97.61842475535434,,169.0,,,,,,,,0.04506215453147888,,0.12735943496227264,,0.8128681182861328,,24960
24982,,,-171.75665161592596,117.68988437711113,,-74.50992772017281,,172.0,1.7092632263205771,16.920095644717993,0.9097785111973775,,,,,0.011303877457976341,,0.03584546595811844,,0.8355656266212463,24982
24990,,,-169.14249354475425,118.38019688138452,,-73.92647866410523,,150.0,-26.04213350335757,28.993994222879408,0.9481229922304185,,,,,0.0062883771024644375,,0.023187736049294472,,0.9252080321311951,24990
24991,-98.92910888768232,67.323392789225,,,-107.40925597422516,,195.0,,,,,,,,0.01803097501397133,,0.0546584315598011,,0.8765159249305725,,24991
24997,,,-169.29112696680278,118.2567972394255,,-74.7013060911183,,163.0,-23.295772198519092,23.295772198519092,0.9691850170192693,,,,,0.01342021394520998,,0.05005187168717384,,0.8735202550888062,24997
25000,,,,,,,,,,,,106.1927261352539,117.27213287353516,1.6969592571258545,,,,,,,24997
25042,,,-168.53338352295629,118.7705930364622,,-69.6092296211844,,156.0,-8.621571271847456,12.011239553109194,0.9584969615563237,,,,,0.01171985175460577,,0.042748112231492996,,0.8320971131324768,25041
25094,,,-165.8891829112576,119.33745878385531,,-75.58337488878696,,156.0,-28.464505039728603,29.08408100482745,0.9363473118659392,,,,,0.009721179492771626,,0.03154529258608818,,0.8807759881019592,25094
25107,-99.28616717730131,67.4206803282807,,,-126.3909289568034,,214.0,,,,,,,,0.030494345352053642,,0.11134358495473862,,0.8383422493934631,,25107
25113,-99.65262992085167,67.41190334909724,,,-107.01631080371364,,170.0,,,,,,,,0.02727104164659977,,0.08827622979879379,,0.8264364004135132,,25113
25126,-99.57386784628957,67.40164127173364,,,-106.42676802373153,,209.0,,,,,,,,0.023097127676010132,,0.08358775824308395,,0.8263985514640808,,25126
25226,-99.72440607746343,67.38739904152148,,,-97.03648307376821,,192.0,,,,,,,,0.018998287618160248,,0.06937693059444427,,0.8387837409973145,,25226
25264,-99.75945012795593,67.38578762456022,,,-97.5194178195327,,172.0,,,,,,,,0.01708049885928631,,0.05028250068426132,,0.8268957734107971,,25264
25265,-99.53309762332088,67.25466395702362,,,-132.9853725897616,,232.0,,,,,,,,0.028879599645733833,,0.09433690458536148,,0.8014570474624634,,25265
25278,-99.5553872715654,67.2506991641825,,,-88.13884756919671,,223.0,,,,,,,,0.010449768044054508,,0.04350430145859718,,0.8170616626739502,,25278
25312,-99.40336368727156,67.23917954589677,,,-100.77428494621392,,208.0,,,,,,,,0.02277315966784954,,0.08245871216058731,,0.7975254654884338,,25312
25347,-98.91396610727342,67.23968349065423,,,-86.8544872964529,,155.0,,,,,,,,0.016405077651143074,,0.051942285150289536,,0.8368189334869385,,25347
25405,-98.32314233029143,67.19245879928434,,,-89.22055707041638,,189.0,,,,,,,,0.013079590164124966,,0.041272323578596115,,0.8042625188827515,,25405
25419,-98.16685352301342,67.15797936984461,,,-109.15754166039137,,186.0,,,,,,,,0.027758659794926643,,0.1033104658126831,,0.8237647414207458,,25419
25428,-100.57902377342532,65.31777675186238,,,-109.14547286428927,,228.0,,,,,,,,0.015443621203303337,,0.04611639678478241,,0.867408812046051,,25428
25451,-101.06261794011293,65.4610183601159,,,-132.2791519698348,,190.0,,,,,,,,0.023114068433642387,,0.06852050870656967,,0.9092586636543274,,25451
25472,-100.91990924647092,65.42958955889806,,,-111.8365956348142,,166.0,,,,,,,,0.02107584848999977,,0.06510858237743378,,0.9170130491256714,,25472
25500,,,,,,,,,,,,84.14561462402344,104.5123519897461,1.6976617574691772,,,,,,,25472
25503,,,-164.78353377547595,119.78882221294221,,-88.88540601266776,,193.0,-65.73650699637714,65.73650699637714,0.8567482486600387,,,,,0.013841555453836918,,0.04579294100403786,,0.8756977915763855,25503
25521,-101.45124835227162,65.67062193415623,,,-144.20467634140525,,279.0,,,,,,,,0.021936289966106415,,0.07758159190416336,,0.8783839344978333,,25521
25534,,,-163.9792148111477,120.08448677561435,,-100.18514655424856,,246.0,-20.10093720414774,21.104244584475108,0.914027232102044,,,,,0.020767448469996452,,0.07959948480129242,,0.8415741324424744,25533
25567,,,-161.70142975589667,120.51596743987876,,-83.10723226563307,,237.0,27.592369563971893,32.26009011721309,0.2858577192869037,,,,,0.018113557249307632,,0.07451190054416656,,0.8190504908561707,25567
25620,-101.32251145477983,65.65336848226531,,,-106.96854584383853,,197.0,,,,,,,,0.02060539834201336,,0.06418433785438538,,0.805072546005249,,25620
25644,-101.50030717522128,65.66620386535105,,,-110.59639678261802,,252.0,,,,,,,,0.015000838786363602,,0.04814332351088524,,0.8385649919509888,,25644
25685,-101.81304788045682,65.71657543408647,,,-120.05577611180196,,238.0,,,,,,,,0.017753375694155693,,0.05698256194591522,,0.8702511787414551,,25685
25708,,,-164.0192386202528,120.70960861878606,,-230.8821427082049,,307.0,50.26424888174386,50.26424888174386,0.8481303514692827,,,,,0.03095313534140587,,0.0988444834947586,,0.9353470206260681,25708
25760,-105.9171635087931,72.63181389128921,,,-323.0232045152758,,480.0,,,,,,,,0.045085638761520386,,0.13102157413959503,,0.8162586688995361,,25760
25775,-106.18033895662488,72.69807739213383,,,-130.92404506948452,,225.0,,,,,,,,0.022187070921063423,,0.06965586543083191,,0.8552494049072266,,25775
25781,-104.06637019324741,71.15775220951022,,,-104.68379282351475,,204.0,,,,,,,,0.014561764895915985,,0.04881037399172783,,0.8517552018165588,,25781
25826,-104.66089149033793,71.1486420389519,,,-118.13634444491241,,195.0,,,,,,,,0.023331381380558014,,0.08718152344226837,,0.8695248365402222,,25826
25863,,,-163.75745756878504,120.8840159058113,,-76.86494761184755,,200.0,-13.020066154003143,14.556191828250885,0.924955469588171,,,,,0.00995782669633627,,0.036773961037397385,,0.8565825819969177,25863
25894,-100.56359588043247,76.26483040344678,,,91.85586527586744,,219.0,,,,,,,,0.053044602274894714,,0.14717282354831696,,0.7848265171051025,,25894
25909,-99.89639630868345,76.06139260952915,,,-106.77312629739376,,231.0,,,,,,,,0.02009185217320919,,0.090886190533638,,0.8372572660446167,,25909
25940,,,-159.14156844728979,119.39924363823731,,-84.6977020011374,,217.0,38.74652899602591,39.08629388551009,0.7323019899454253,,,,,0.012623266316950321,,0.046807751059532166,,0.8508914709091187,25940
25948,-99.814825966108,76.04871175186217,,,-109.6398077787602,,200.0,,,,,,,,0.01734253764152527,,0.06597086042165756,,0.866583526134491,,25948
26000,,,,,,,,,,,,108.05094146728516,107.31717681884766,1.7031959295272827,,,,,,,25948
26002,-99.84223292906383,76.04918721662709,,,-101.83302503650117,,189.0,,,,,,,,0.025195080786943436,,0.10414920002222061,,0.8077800273895264,,26002
26017,,,-152.61023267908243,114.79872057654057,,-75.0743426629998,,170.0,-24.81205755963045,24.963822179682115,0.8976697241388684,,,,,0.016728902235627174,,0.05937635153532028,,0.7559013366699219,26016
26063,-99.21136755638412,75.94527087247108,,,-96.27345358312688,,153.0,,,,,,,,0.023737942799925804,,0.08533211797475815,,0.8421094417572021,,26063
26105,-98.47632776846557,75.85120117398199,,,-90.1812375946684,,197.0,,,,,,,,0.012857385911047459,,0.04660678282380104,,0.8608121871948242,,26105
26160,-100.00696354766336,77.15511325268581,,,-202.67875337184856,,480.0,,,,,,,,0.04553719609975815,,0.13832201063632965,,0.8754019141197205,,26160
26172,-99.88272916367798,77.13124963077799,,,-111.65707218164167,,191.0,,,,,,,,0.0245308019220829,,0.0765404999256134,,0.8422625660896301,,26172
26174,-100.15271051779129,77.18175225123599,,,-121.20012256959876,,235.0,,,,,,,,0.019618742167949677,,0.06990353763103485,,0.8824085593223572,,26174
26177,,,-144.40701082950957,105.39934559902352,,-69.58120359452406,,162.0,10.672442539606566,17.01108560186845,0.8655983614535406,,,,,0.008562169037759304,,0.026507051661610603,,0.8307101726531982,26177
26286,-100.33430749863473,77.18996550006526,,,-108.27438730013075,,238.0,,,,,,,,0.0164878461509943,,0.05720315873622894,,0.8358374238014221,,26286
26297,-100.09389237595775,77.16996695987248,,,-100.62381158660979,,189.0,,,,,,,,0.016406111419200897,,0.047193072736263275,,0.846581220626831,,26297
26320,-100.14351453904902,77.17750912783181,,,-113.08904233486243,,194.0,,,,,,,,0.018693797290325165,,0.05913512408733368,,0.895315408706665,,26320
26339,-97.61118563106986,74.19371506219535,,,-124.7480170280712,,287.0,,,,,,,,0.026149090379476547,,0.10917425155639648,,0.8324937224388123,,26339
26364,-94.0060031699132,77.97972644490699,,,74.22404941339909,,225.0,,,,,,,,0.06903921812772751,,0.18423135578632355,,0.6973294615745544,,26364
26396,-93.83578179376131,77.94379195599753,,,-106.12343187983286,,169.0,,,,,,,,0.02449183538556099,,0.08169938623905182,,0.8747090101242065,,26396
26405,,,-145.42289882209377,105.2940583928111,,-159.39396285370685,,404.0,-35.68243309634157,43.757605443053905,0.8990482577008738,,,,,0.022160230204463005,,0.07701913267374039,,0.8772704005241394,26404
26444,-97.6392383003065,74.27341791889494,,,-117.37834838063328,,194.0,,,,,,,,0.027859220281243324,,0.08923309296369553,,0.8075984716415405,,26444
26500,,,,,,,,,,,,87.28720092773438,86.43815612792969,1.7210084199905396,,,,,,,26444
26525,-97.835823841324,74.31862941232886,,,-119.73905283668368,,217.0,,,,,,,,0.024659289047122,,0.07806307077407837,,0.8147697448730469,,26525
26536,-96.14932688268071,75.17018592693185,,,-17.08974104118111,,277.0,,,,,,,,0.036354660987854004,,0.10849854350090027,,0.9014131426811218,,26536
26552,,,-144.45176891742832,105.53815813755726,,-94.162069740666,,242.0,-11.820190294715,20.84003871925606,0.6548360761316325,,,,,0.014503239654004574,,0.05406900867819786,,0.863488495349884,26552
26557,-98.3938002844849,73.75833713549184,,,-106.54288915158483,,201.0,,,,,,,,0.01795586198568344,,0.06485900282859802,,0.8446908593177795,,26557
26562,,,-142.93978691735242,105.90361702443077,,-80.34259176592752,,247.0,-40.57860362939989,40.57860362939989,0.9472515870990132,,,,,0.0080494936555624,,0.024798499420285225,,0.823040246963501,26561
26564,-98.33575400371333,73.7492827443463,,,-108.41816158366996,,227.0,,,,,,,,0.012930010445415974,,0.04037539288401604,,0.8727768063545227,,26564
26617,-98.7337646333921,73.75771164527337,,,-110.04694545792688,,199.0,,,,,,,,0.022150540724396706,,0.07243484258651733,,0.8382952809333801,,26617
26642,-103.0132632327589,66.16751066278874,,,-83.77394685300173,,185.0,,,,,,,,0.010628794319927692,,0.03088841773569584,,0.887753963470459,,26642
26701,,,-143.22652702140195,105.76235700401837,,-98.11395823479589,,180.0,-26.68914450969961,26.68914450969961,0.8776788027856467,,,,,0.024158142507076263,,0.08299613744020462,,0.846267819404602,26701
26704,-99.46866848834023,61.89417592840134,-141.95592162689957,105.64829376348398,-89.82116367002743,-120.31533923747041,144.0,294.0,-26.456343297650214,26.456343297650214,0.8681707518969077,,,,0.01394773367792368,0.01743549294769764,0.05520540103316307,0.0637970045208931,0.8819409608840942,0.8309397101402283,26704
26707,-101.2786617594328,60.68717148416465,,,-104.75145790788005,,199.0,,,,,,,,0.019354214891791344,,0.06871181726455688,,0.6826785206794739,,26707
26714,-101.99782232821481,60.87296558556081,,,-135.31969978771426,,220.0,,,,,,,,0.026192661374807358,,0.08020168542861938,,0.8639581799507141,,26714
26735,,,-139.69075917110993,105.38680290367944,,-96.37524835049845,,203.0,6.368907245655953,23.016314871352293,0.7723573191445262,,,,,0.015197964385151863,,0.06396111100912094,,0.9054526090621948,26734
26823,-101.79770467345277,60.84031955899883,,,-106.82261971791274,,184.0,,,,,,,,0.022396987304091454,,0.07485025376081467,,0.8057379722595215,,26823
26832,-105.83134511592586,53.75910211944295,,,-104.06359736830026,,212.0,,,,,,,,0.01549749169498682,,0.04218253493309021,,0.7994137406349182,,26832
26902,-105.94856199246557,53.76880346692097,,,-113.27009980121049,,205.0,,,,,,,,0.022235730662941933,,0.07885430008172989,,0.8259018063545227,,26902
26910,-106.10546376565824,53.8396267044025,,,-134.23601761643616,,191.0,,,,,,,,0.03199462965130806,,0.1090264841914177,,0.8115420341491699,,26910
26920,,,-139.09956171467198,105.70165185233543,,-68.40644189865183,,195.0,-53.34853707276858,53.38770430454841,0.8796414854959527,,,,,0.00671520596370101,,0.019808471202850342,,0.8530415892601013,26920
26924,-106.0754464378506,53.8395289006101,,,-105.51544441333185,,235.0,,,,,,,,0.01749785803258419,,0.06375128030776978,,0.8001506924629211,,26924
26925,-105.71148468980051,53.8974032449683,,,-88.22868062122683,,201.0,,,,,,,,0.013770954683423042,,0.04812569171190262,,0.8738572597503662,,26925
27001,,,,,,,,,,,,108.41126251220703,113.91426086425781,1.7450554370880127,,,,,,,26925
27022,-102.63680639849522,58.49362732809953,,,56.69743149149464,,212.0,,,,,,,,0.08731693774461746,,0.21446262300014496,,0.7004757523536682,,27022
27025,,,-145.8591373861607,112.84424069136548,,-426.9333450909874,,480.0,107.59761159004023,107.59761159004023,0.6256914686993224,,,,,0.028748132288455963,,0.09140016883611679,,0.931999683380127,27025
27044,-102.93368197545749,58.50456907734976,,,-112.36319666764541,,182.0,,,,,,,,0.024548722431063652,,0.08400949090719223,,0.8555405735969543,,27044
27125,-98.61769529344005,63.84464363537278,,,82.81396151111082,,193.0,,,,,,,,0.059170257300138474,,0.16801072657108307,,0.7711098194122314,,27125
27137,-98.851815642593,63.82724890286587,,,-99.84486502684399,,185.0,,,,,,,,0.01503558550029993,,0.05596650764346123,,0.8750041127204895,,27137
27138,-99.29194360472857,63.91480177573707,,,-122.78068305299298,,176.0,,,,,,,,0.025761963799595833,,0.08187297731637955,,0.8944688439369202,,27138
27141,-99.63399999829745,63.89308561475561,,,-103.9573069748975,,212.0,,,,,,,,0.020289650186896324,,0.08023861050605774,,0.8207880258560181,,27141
27177,-100.09363647510399,63.89918318559823,,,-112.2023809107424,,203.0,,,,,,,,0.022087417542934418,,0.07944481819868088,,0.8712753057479858,,27177
27233,,,-139.6911830782924,104.0265947661624,,-143.59449358534573,,339.0,-50.55237891048105,50.55237891048105,0.7382020640424594,,,,,0.02199951931834221,,0.08016536384820938,,0.8625491857528687,27233
27248,-100.66676430926198,64.10608757896865,,,-137.81393336829095,,227.0,,,,,,,,0.027643106877803802,,0.0852075070142746,,0.8488353490829468,,27248
27280,-100.20405292389522,64.12671100407705,,,-86.00990359595089,,164.0,,,,,,,,0.012608624994754791,,0.04505220800638199,,0.8805862665176392,,27280
27321,-99.2458032577283,63.998101823468744,,,-84.36666866148845,,189.0,,,,,,,,0.01116962917149067,,0.042288437485694885,,0.8936185836791992,,27321
27324,-99.0044054968545,63.97291325163293,,,-99.76670759112515,,179.0,,,,,,,,0.01792890951037407,,0.06015783175826073,,0.8353153467178345,,27324
27338,-98.30409723732608,63.6651909221205,,,-109.18926336498455,,207.0,,,,,,,,0.021861951798200607,,0.08108527213335037,,0.8301951885223389,,27338
27348,-98.38014826792025,63.67776550606681,,,-110.77109737354681,,203.0,,,,,,,,0.020695235580205917,,0.06952972710132599,,0.8261042237281799,,27348
27364,,,-138.78607893187547,104.23647649787972,,-92.46429559964294,,221.0,-40.061917564178486,40.40320227237848,0.9301007565207077,,,,,0.01529990416020155,,0.04901060834527016,,0.8645768165588379,27364
27389,-97.90588026459305,63.67332129764569,,,-86.88299661625881,,198.0,,,,,,,,0.013654446229338646,,0.050058942288160324,,0.838299036026001,,27389
27401,,,-137.66994468557976,104.50055922914348,,-85.63056231370973,,165.0,15.108351757670894,17.419160141005662,-0.10805395287670809,,,,,0.008345836773514748,,0.02640235424041748,,0.9172545671463013,27401
27413,,,-137.33361849470418,104.57079211708107,,-107.26409764623745,,308.0,-54.439743344853454,54.439743344853454,0.7907419435661123,,,,,0.01644567959010601,,0.07573828846216202,,0.8592160940170288,27413
27419,,,-137.37060178129317,104.54774474411744,,-73.11708431267606,,155.0,-18.513774198101412,21.188424322682042,0.9576457092312023,,,,,0.00954651553183794,,0.027423398569226265,,0.8170474767684937,27418
27453,,,-128.26034362672556,86.21650950497441,,-96.98247262836689,,173.0,-11.401499062604298,13.455585818070208,0.9130673369797774,,,,,0.026022611185908318,,0.08180505782365799,,0.8001877665519714,27452
27469,-97.73099655666711,63.62423409751156,,,-111.3115907155041,,209.0,,,,,,,,0.020186789333820343,,0.06886943429708481,,0.8491038680076599,,27469
27500,,,,,,,,,,,,97.23104858398438,102.95812225341797,1.7716959714889526,,,,,,,27469
27533,-93.49669994418153,54.942417319050705,,,-111.30837389099722,,181.0,,,,,,,,0.026094060391187668,,0.0795774981379509,,0.8676187992095947,,27533
27536,-93.4123811419976,54.88812199739236,,,-126.70810496028764,,218.0,,,,,,,,0.029089080169796944,,0.09950713813304901,,0.8455426692962646,,27536
27625,-93.32165290857108,54.873162974856356,,,-100.14738115218888,,226.0,,,,,,,,0.016975820064544678,,0.06100805476307869,,0.8229109048843384,,27625
27652,,,-126.84395160524242,86.44366302492053,,-78.2971808573375,,174.0,-45.77368354934386,45.77368354934386,0.9166832435025587,,,,,0.007838654331862926,,0.033471520990133286,,0.9183346033096313,27652
27654,-93.56529538080311,55.00967698061693,,,-130.31846805651375,,196.0,,,,,,,,0.03036363609135151,,0.09802010655403137,,0.8581979870796204,,27654
27664,-97.76170741186257,48.298459659839075,,,-117.96473627710562,,208.0,,,,,,,,0.023823142051696777,,0.08771836757659912,,0.8308209776878357,,27664
27690,-97.86864480179896,48.324205791782454,,,-112.11999579421331,,220.0,,,,,,,,0.02586219273507595,,0.09198473393917084,,0.8070117831230164,,27690
27704,-97.35256438691978,48.33352607453227,,,-83.8357870348011,,205.0,,,,,,,,0.008899617940187454,,0.029466286301612854,,0.8477298617362976,,27704
27792,-97.5510890258963,48.371891590520434,,,-111.7592569853274,,223.0,,,,,,,,0.02106386609375477,,0.08353006094694138,,0.8606705665588379,,27792
27794,-97.47853411102312,48.376474035160726,,,-92.64570783946752,,181.0,,,,,,,,0.0186855997890234,,0.08038875460624695,,0.8596109747886658,,27794
27839,-97.77775809657649,48.37668242513944,,,-105.14243687233608,,225.0,,,,,,,,0.02192119136452675,,0.07737157493829727,,0.8037837743759155,,27839
27893,-95.93235157985269,46.04350309506829,,,-110.40842753565907,,202.0,,,,,,,,0.02835296466946602,,0.1075228676199913,,0.7928395867347717,,27893
27905,-95.89813106846566,46.03243793708216,,,-109.94604661229094,,208.0,,,,,,,,0.02277105674147606,,0.08060616254806519,,0.8116118907928467,,27905
27909,-95.5689401862439,45.90900715363848,,,-104.74057845851081,,224.0,,,,,,,,0.012845819815993309,,0.04335375875234604,,0.8348411917686462,,27909
27927,-95.21844354072438,45.877554987966,,,-90.7495550241551,,209.0,,,,,,,,0.01330803893506527,,0.0511554554104805,,0.8653857707977295,,27927
27974,,,-125.83472505001072,86.29372586271462,,-113.94016097600324,,248.0,-38.41392824366208,38.41392824366208,0.8330693888521472,,,,,0.01455377135425806,,0.042794737964868546,,0.8744530081748962,27974
27976,-95.01500970665913,45.87568705860338,,,-90.45211988334647,,180.0,,,,,,,,0.015882248058915138,,0.05368448421359062,,0.8011050224304199,,27976
27980,,,-124.36157993931613,85.80769361582288,,-116.66008822140392,,357.0,-3.347843724472516,28.691354464416076,0.45712941370191973,,,,,0.021811874583363533,,0.092799611389637,,0.8411097526550293,27980
28000,,,,,,,,,,,,76.91148376464844,86.78239440917969,1.8023293018341064,,,,,,,27980
28088,-94.67501296527332,45.803413957125784,,,-96.08920526557266,,195.0,,,,,,,,0.017229527235031128,,0.07480565458536148,,0.8368954062461853,,28088
28090,-94.16583226795312,45.60736265026797,,,-99.28898216206024,,180.0,,,,,,,,0.020639732480049133,,0.0654483288526535,,0.8205221891403198,,28090
28091,-97.87336354669318,38.79373199575049,,,-111.15251452360354,,186.0,,,,,,,,0.02649642340838909,,0.09123644977807999,,0.8392453789710999,,28091
28130,-97.9999307064658,38.830747618897824,,,-112.45178986846469,,199.0,,,,,,,,0.02565721794962883,,0.09186174720525742,,0.8003687858581543,,28130
28132,-98.59999172383291,39.35386911976014,,,-147.3813992489895,,242.0,,,,,,,,0.03242168202996254,,0.11336798220872879,,0.846946120262146,,28132
28165,-98.19089100622736,39.23814229819991,,,-99.28401695640488,,179.0,,,,,,,,0.02077391743659973,,0.0726187601685524,,0.818537175655365,,28165
28168,,,-122.62287782699434,83.50692937800025,,-192.04876196191427,,349.0,-7.084201342396886,29.708911704812145,0.5656242744553545,,,,,0.02664792165160179,,0.08190134912729263,,0.8709989190101624,28168
28170,-100.25210263261715,37.59627135289046,,,-120.15032236067098,,196.0,,,,,,,,0.02398287132382393,,0.07866455614566803,,0.8390833735466003,,28170
28250,,,-120.79616322452955,83.33772897464922,,-83.76869269594116,,171.0,10.462715481456957,18.05987805162954,0.8372903667821863,,,,,0.014940489083528519,,0.06136069446802139,,0.8472668528556824,28250
28266,-99.97233960414007,37.60046357316761,,,-92.55473772773182,,190.0,,,,,,,,0.01568639650940895,,0.06337785720825195,,0.8255609273910522,,28266
28269,-100.37999999624151,37.799789389437336,,,-128.80118118874196,,200.0,,,,,,,,0.0256314966827631,,0.08371280878782272,,0.8551207780838013,,28269
28270,-100.6417538606926,37.910975162109544,,,-123.13463868048207,,193.0,,,,,,,,0.03490890935063362,,0.1137164905667305,,0.8168627619743347,,28270
28285,,,-120.68362915714383,83.39275928840586,,-77.16008464625016,,179.0,-5.797054427629076,15.447959336821594,0.962724469713981,,,,,0.015576299279928207,,0.04662696644663811,,0.8172799944877625,28285
28308,,,-120.3922634334709,83.4916041849629,,-84.94630801055398,,216.0,-14.558745545645555,24.86511673502348,0.8780774733699388,,,,,0.015283534303307533,,0.0534021258354187,,0.8278683423995972,28308
28354,-101.06378211703597,37.83823383815583,,,-104.87535967016888,,213.0,,,,,,,,0.019777551293373108,,0.06501305103302002,,0.849022626876831,,28354
28372,,,-119.74673242203717,83.69186132096264,,-77.9993298313948,,236.0,24.346540977389125,29.773604628393205,0.42586525776929685,,,,,0.014517839066684246,,0.07674096524715424,,0.8550053238868713,28372
28391,,,-119.69495311705566,83.69988589536933,,-105.45546828883431,,221.0,18.664982871771937,21.8501128228002,0.8675684705217853,,,,,0.026341568678617477,,0.08735671639442444,,0.8104315400123596,28390
28405,-101.60015666461862,37.86513721530761,,,-116.63989104915953,,190.0,,,,,,,,0.022464588284492493,,0.0744129940867424,,0.8437009453773499,,28405
28467,-101.34569319174385,37.88585046570225,,,-92.02828426414193,,145.0,,,,,,,,0.018976837396621704,,0.06530497968196869,,0.8616461753845215,,28467
28500,,,,,,,,,,,,71.52117156982422,90.55001831054688,1.824172854423523,,,,,,,28467
28515,-101.24529943926666,37.80224829111528,,,-130.30001216385455,,213.0,,,,,,,,0.025764551013708115,,0.08448700606822968,,0.8322451114654541,,28515
28538,-101.28437716016359,37.80900289797109,,,-108.77650576275931,,195.0,,,,,,,,0.02429746277630329,,0.07267199456691742,,0.8134461641311646,,28538
28556,-101.63233682535649,37.91289402968974,,,-121.46158062794507,,188.0,,,,,,,,0.030538471415638924,,0.09490478783845901,,0.829878568649292,,28556
28658,-104.58740754279498,43.97792699965985,,,-261.0236356731343,,480.0,,,,,,,,0.04206029325723648,,0.1302671879529953,,0.821037769317627,,28658
28691,-104.24933067581325,43.813371785457385,,,-117.33217426735041,,189.0,,,,,,,,0.024513468146324158,,0.0802757740020752,,0.8432143330574036,,28691
28731,-104.58242219682184,43.88498101650422,,,-122.17002046376085,,232.0,,,,,,,,0.020674031227827072,,0.08008690923452377,,0.8695723414421082,,28731
28739,-105.21064036801961,43.87120204678399,,,-119.63958918111639,,201.0,,,,,,,,0.029328040778636932,,0.09657442569732666,,0.8265357613563538,,28739
28817,-108.94163135045575,37.398150337774375,,,-129.8521176303123,,235.0,,,,,,,,0.0230692308396101,,0.07455909997224808,,0.8495949506759644,,28817
28833,,,-119.97170146668681,83.60194515773438,,-97.14812915685472,,257.0,33.89311561115985,37.58063759390946,0.7733667850998603,,,,,0.012862786650657654,,0.05106266960501671,,0.9491772651672363,28833
28836,-109.16498234064808,37.45122783389288,,,-123.5307461772613,,221.0,,,,,,,,0.024764178320765495,,0.07816875725984573,,0.8831890821456909,,28836
28856,-112.91382106000101,25.53104121818196,,,-104.62797445653607,,191.0,,,,,,,,0.01583963632583618,,0.05488252267241478,,0.8601385354995728,,28856
28892,-116.31219489315885,33.599195824448955,,,-269.76355668473605,,480.0,,,,,,,,0.03341548889875412,,0.09597817808389664,,0.9283972978591919,,28892
28918,-115.95814482108364,33.622430665770445,,,-105.0781794492327,,172.0,,,,,,,,0.01786678656935692,,0.07440075278282166,,0.9229512214660645,,28918
28920,-115.95956697821696,33.62192452588426,,,-104.02841483156294,,185.0,,,,,,,,0.024410394951701164,,0.07891178131103516,,0.8457799553871155,,28920
28940,,,-119.59104329294235,83.74345367777514,,-79.15984613941124,,168.0,-6.711631638308366,19.2504938674115,0.8895675906786007,,,,,0.016216116026043892,,0.05349442735314369,,0.8292518854141235,28940
28975,-115.94010299482447,33.624375561852794,,,-111.22918174111793,,174.0,,,,,,,,0.015717921778559685,,0.051685500890016556,,0.8659723997116089,,28975
28976,,,-119.06297252030137,83.73106756281584,,-108.08933012937759,,257.0,-37.26267460162538,37.50042645291132,0.8569913316640559,,,,,0.02181899920105934,,0.08662683516740799,,0.8587945699691772,28976
29000,,,,,,,,,,,,89.08157348632812,83.47285461425781,1.8505158424377441,,,,,,,28976
29017,-115.5629589117653,33.482370074952556,,,-118.95672921533368,,197.0,,,,,,,,0.027280744165182114,,0.09386295080184937,,0.8443992733955383,,29017
29047,-116.06426690736158,33.222777060381844,,,-111.07530337576412,,187.0,,,,,,,,0.02150341309607029,,0.07421569526195526,,0.8794538378715515,,29047
29067,-116.65044882192335,32.91547737100721,,,-113.67576438957713,,185.0,,,,,,,,0.02485477738082409,,0.07829251885414124,,0.837924599647522,,29067
29081,-116.21511967243374,33.27784070418444,,,-78.00025011664331,,178.0,,,,,,,,0.010787052102386951,,0.045760154724121094,,0.8352025747299194,,29081
29117,-116.35997382874102,33.2627026346469,,,-116.43197118034868,,190.0,,,,,,,,0.022694770246744156,,0.0709371417760849,,0.8803575038909912,,29117
29144,-116.23689381294747,33.294525531831695,,,-104.61709658386879,,213.0,,,,,,,,0.02094399742782116,,0.07551013678312302,,0.8289902210235596,,29144
29165,,,-120.01198234080206,83.82637160794455,,-151.67617736652016,,190.0,28.793078067741895,31.11732183412502,0.8644938002730072,,,,,0.03488940745592117,,0.11512202769517899,,0.9296138286590576,29165
29176,-117.27461712351771,33.17181932652116,,,-138.769162144771,,237.0,,,,,,,,0.024379294365644455,,0.07915008813142776,,0.8554845452308655,,29176
29236,,,-119.4257761295306,83.91435055066992,,-92.4763007021854,,197.0,8.619825500522168,11.407134479072493,0.927767644743475,,,,,0.01769557036459446,,0.055348679423332214,,0.8154687881469727,29236
29237,-117.6297663302592,33.201121761585114,,,-129.06905105258042,,229.0,,,,,,,,0.0333191342651844,,0.1158028170466423,,0.8322293758392334,,29237
29242,,,-115.64564698862172,79.35773163660568,,-121.4376737191144,,296.0,-35.013438508720014,44.70668970531708,0.6652495398923989,,,,,0.013757954351603985,,0.0531509630382061,,0.8783583641052246,29242
29277,-117.73114526009657,33.189401635308,,,-116.37732038286515,,213.0,,,,,,,,0.01937698945403099,,0.05999467149376869,,0.8518844246864319,,29277
29301,,,-118.81096073076417,81.17682146042671,,-242.490345922469,,480.0,-30.14387789463314,35.31124819810502,0.7936592497564817,,,,,0.03638136386871338,,0.1350439339876175,,0.8780604600906372,29301
29326,-117.29447248113134,33.21204398573618,,,-104.87446601202512,,193.0,,,,,,,,0.02115248143672943,,0.061689674854278564,,0.8032088875770569,,29326
29333,-117.90509368565934,33.17181281002225,,,-130.67844137858896,,211.0,,,,,,,,0.02926546335220337,,0.08957450091838837,,0.8439527750015259,,29333
29340,,,-119.25155501371336,81.00904511563701,,-99.16628635565749,,203.0,-29.993854653365506,31.388890878026707,0.7753718770251226,,,,,0.019794868305325508,,0.06550487130880356,,0.8577820062637329,29340
29411,,,-114.81759277899127,76.08427153312851,,-93.42679060411075,,232.0,-14.063205498045889,17.408037168198618,0.8834367455260634,,,,,0.018507540225982666,,0.06255960464477539,,0.8356269598007202,29411
29453,-117.64574876973074,33.12440495349976,,,-117.35122226008482,,218.0,,,,,,,,0.018608909100294113,,0.0552222914993763,,0.8183614611625671,,29453
29500,,,,,,,,,,,,73.67362213134766,84.42768859863281,1.8636785745620728,,,,,,,29453
29517,-117.46851518054596,33.14592446189118,,,-109.10305681786708,,220.0,,,,,,,,0.018851641565561295,,0.06121762469410896,,0.8746268153190613,,29517
29563,-117.15810989659866,33.26700988014761,,,-96.59973159684712,,416.0,,,,,,,,0.058384139090776443,,0.1686960607767105,,0.767817497253418,,29563
29568,-118.10545454802087,32.977782372894616,,,-131.20301960591257,,220.0,,,,,,,,0.033803630620241165,,0.10208923369646072,,0.83893883228302,,29568
29576,-118.07740274970996,32.98376468822463,,,-110.3566670697815,,196.0,,,,,,,,0.018160857260227203,,0.06493375450372696,,0.8782620429992676,,29576
29594,-118.18992523485322,32.90631948663117,,,-98.27183209662874,,186.0,,,,,,,,0.016353098675608635,,0.052001483738422394,,0.8270063400268555,,29594
29670,-118.07486861956248,32.961749423622834,,,-99.38960610780006,,182.0,,,,,,,,0.024391384795308113,,0.08793727308511734,,0.7566853761672974,,29670
29698,-117.66343362665428,33.182526550094906,,,-89.83667789024892,,176.0,,,,,,,,0.014193953014910221,,0.042470019310712814,,0.8420864939689636,,29698
29712,-117.21463494048912,33.43466415754129,,,-87.50611230403355,,181.0,,,,,,,,0.009874195791780949,,0.034806180745363235,,0.890110194683075,,29712
29730,-117.13678099971841,33.46813524541211,,,-100.84788141997568,,204.0,,,,,,,,0.021399149671196938,,0.07760428637266159,,0.8229817748069763,,29730
29802,-117.62915787225641,33.256735730517775,,,-115.36839865105587,,203.0,,,,,,,,0.019782274961471558,,0.0584455206990242,,0.8407020568847656,,29802
29826,-118.04034450520554,33.04459789239087,,,-111.0114515308027,,195.0,,,,,,,,0.021624503657221794,,0.06898176670074463,,0.8496240973472595,,29826
29838,-118.07295294827514,33.023718251262956,,,-97.71962741905205,,195.0,,,,,,,,0.018116718158125877,,0.05278030410408974,,0.8154844641685486,,29838
29843,,,-115.65058688887584,75.84855079079159,,-114.56196124675124,,242.0,-7.318703337149187,8.503971187536381,0.8966206184938897,,,,,0.014163803309202194,,0.04176847264170647,,0.8707222938537598,29842
29858,-118.44295865017358,32.91464599993204,,,-117.78926725698278,,259.0,,,,,,,,0.022174865007400513,,0.08084520697593689,,0.8337151408195496,,29858
29888,,,-115.72491380847596,75.82199391270022,,-90.45011345302821,,194.0,-32.86245805946822,32.86245805946822,0.9886276137456704,,,,,0.021148573607206345,,0.07082876563072205,,0.8008105754852295,29888
29937,-118.4339078920093,32.91671161111307,,,-110.69997661538895,,200.0,,,,,,,,0.018066324293613434,,0.06293466687202454,,0.9187913537025452,,29937
29973,-117.78070042787245,33.35014769302889,,,-79.79141666162297,,147.0,,,,,,,,0.010927918367087841,,0.03216584026813507,,0.83748459815979,,29973
29978,,,-115.19195727764046,75.99468973701615,,-77.53766886022979,,160.0,-18.76170981898904,27.964319147914647,0.815534111660293,,,,,0.014831533655524254,,0.054617010056972504,,0.8759329319000244,29978
30000,,,,,,,,,,,,88.86780548095703,93.28507232666016,1.877566933631897,,,,,,,29978
30001,,,-116.24222841207427,75.95180769620265,,-138.871921770565,,298.0,-26.712437096858185,26.995482574373284,0.7747289696259031,,,,,0.021341394633054733,,0.06982459127902985,,0.8802609443664551,30001
30071,-116.76898676464704,33.20379723091387,,,-96.79571608771785,,200.0,,,,,,,,0.015619038604199886,,0.06547582149505615,,0.8748452663421631,,30071
30081,-117.95502013822404,33.614635474644174,,,-158.58568563525586,,480.0,,,,,,,,0.059368573129177094,,0.17260627448558807,,0.7747759222984314,,30081
30102,-118.06211713828685,33.629985983663694,,,-125.50517236381097,,228.0,,,,,,,,0.02243858017027378,,0.07533526420593262,,0.8693650364875793,,30102
30125,-118.2857121258883,33.49655286892763,,,-103.73448710780369,,165.0,,,,,,,,0.028836427256464958,,0.10381656885147095,,0.8249794840812683,,30125
30126,-117.77474679579302,33.52709600783608,,,-103.25291468397809,,206.0,,,,,,,,0.017331326380372047,,0.052689533680677414,,0.8427331447601318,,30126
30194,-117.63655990109665,33.51895759660758,,,-116.22529394566442,,195.0,,,,,,,,0.023382415995001793,,0.08167146891355515,,0.8563035726547241,,30194
30212,-117.76816204834473,33.48149269062427,,,-111.45546703257153,,196.0,,,,,,,,0.02113919146358967,,0.07200303673744202,,0.8420843482017517,,30212
30247,-117.61069738192417,33.50493455243181,,,-108.76665772813217,,216.0,,,,,,,,0.01925565116107464,,0.0733058899641037,,0.8487687110900879,,30247
30262,,,-108.56623295109279,58.8281106998913,,-70.83862298341732,,150.0,-36.57753540317218,36.602010978460314,0.917932022158958,,,,,0.011513229459524155,,0.061429932713508606,,0.8157829642295837,30262
30269,,,-108.63103509904546,58.79233395314954,,-77.7500351178054,,156.0,-9.225618119041124,14.331535949538916,0.9315215224512158,,,,,0.014255989342927933,,0.051640499383211136,,0.8277559876441956,30269
30294,,,-108.79727339073106,58.70565733061221,,-82.23839324838656,,171.0,-24.6193720374191,27.870096913555212,0.964051716487005,,,,,0.01701853610575199,,0.05239591374993324,,0.8533823490142822,30294
30357,-120.62483832270159,37.59693972667225,,,-242.73533130301382,,480.0,,,,,,,,0.0689898207783699,,0.1849660873413086,,0.779674768447876,,30357
30417,-120.4414629447056,37.571654201324854,,,-121.13124326405453,,232.0,,,,,,,,0.02077081985771656,,0.08451707661151886,,0.8978805541992188,,30417
30422,-120.43298943154154,37.574331717027945,,,-108.35283010455618,,177.0,,,,,,,,0.02761896327137947,,0.10830792784690857,,0.8219231367111206,,30422
30457,-118.6338679452025,39.581995287564425,,,-31.5055063109918,,278.0,,,,,,,,0.048338934779167175,,0.13996967673301697,,0.8546255230903625,,30457
30484,,,-108.88334173463036,58.658742025142985,,-79.00472328608207,,213.0,-1.263624050387754,7.61742355216277,0.942820757789648,,,,,0.011441865004599094,,0.03634031116962433,,0.8566105961799622,30484
30495,-115.95337534089498,33.99193877646312,,,-126.99900545775934,,205.0,,,,,,,,0.02624065987765789,,0.08769822865724564,,0.8550277948379517,,30495
30500,,,,,,,,,,,,67.34443664550781,73.7938461303711,1.8914530277252197,,,,,,,30495
30517,-115.88595350147084,33.99248032992469,,,-113.96108229614333,,217.0,,,,,,,,0.022869955748319626,,0.06852040439844131,,0.789981484413147,,30517
30538,-115.83901584512161,33.98539030620083,,,-119.82313764629981,,228.0,,,,,,,,0.028127379715442657,,0.08862283825874329,,0.7893392443656921,,30538
30616,-115.3000114464469,34.13422716455405,,,-92.68936924738017,,144.0,,,,,,,,0.0137858921661973,,0.045805566012859344,,0.8205164074897766,,30616
30617,-114.76932967909949,34.11011467345678,,,-103.31802926294125,,219.0,,,,,,,,0.016495605930685997,,0.05916600674390793,,0.856806755065918,,30617
30663,-114.69131199052245,34.09444358448295,,,-119.62986174841004,,222.0,,,,,,,,0.02403506077826023,,0.08494289219379425,,0.8559649586677551,,30663
30685,-114.7503669498102,34.07951569904363,,,-107.58072242092352,,175.0,,,,,,,,0.03368646651506424,,0.11862480640411377,,0.7911953926086426,,30685
30686,-111.42230042484553,25.929718236932004,,,-103.36023043650239,,196.0,,,,,,,,0.01774989627301693,,0.056840285658836365,,0.8558133840560913,,30686
30698,,,-114.98613384322258,69.18413139969705,,-374.74883505079555,,480.0,43.30916376933455,54.205892009784776,0.15184298377608146,,,,,0.11267166584730148,,0.2662673890590668,,0.6845839023590088,30698
30727,-111.81647026412631,25.980032501976353,,,-124.78667141327276,,239.0,,,,,,,,0.02484804205596447,,0.09022160619497299,,0.8634193539619446,,30727
30773,,,-115.38802603737855,69.01222402210354,,-95.67798459658533,,220.0,21.6232032220472,29.989542264017192,0.8161250673794966,,,,,0.01325097493827343,,0.04777045547962189,,0.8702859282493591,30773
30822,-111.89150562563054,25.962842961865334,,,-107.78018290677524,,213.0,,,,,,,,0.019712913781404495,,0.07424890995025635,,0.8577116131782532,,30822
30868,-112.19083836845836,26.039644941281534,,,-126.19581888250742,,223.0,,,,,,,,0.026636669412255287,,0.08076518774032593,,0.8014695644378662,,30868
30880,,,-115.87989178243342,68.90914501163866,,-113.47869326541174,,240.0,27.00431879858176,33.65125238597393,0.6626890279779385,,,,,0.024307996034622192,,0.0924948900938034,,0.8431894779205322,30880
30881,-111.8803668866553,26.049666233250495,,,-103.43315512518078,,186.0,,,,,,,,0.020845316350460052,,0.07621093839406967,,0.8666357398033142,,30881
30901,-112.35167339404163,26.243296456276166,,,-134.64062874508102,,214.0,,,,,,,,0.033790212124586105,,0.10330101102590561,,0.8106233477592468,,30901
30926,-112.20379023384484,26.25624857809662,,,-106.28160637973842,,175.0,,,,,,,,0.02152428776025772,,0.07299467921257019,,0.8150284886360168,,30926
30979,-113.33330477152187,25.973797358883942,,,-134.4759770004934,,276.0,,,,,,,,0.02151474356651306,,0.08646507561206818,,0.8493441343307495,,30979
31000,,,,,,,,,,,,77.33656311035156,88.91232299804688,1.9069300889968872,,,,,,,30979
31001,-113.23689843983851,25.971062781023015,,,-111.61165459618115,,207.0,,,,,,,,0.01833028346300125,,0.06232462823390961,,0.8481564521789551,,31001
31018,-113.2769794149106,25.959272709241713,,,-106.62114533747264,,194.0,,,,,,,,0.02429523877799511,,0.08529376238584518,,0.824841320514679,,31018
31023,-112.61260651847235,25.722351855337923,,,-105.55051732285949,,164.0,,,,,,,,0.027251962572336197,,0.08107488602399826,,0.8044881820678711,,31023
31046,,,-117.15185425528743,69.19407886819242,,-163.7832701969505,,368.0,5.8596975934570255,15.917316522449255,0.7961928665733937,,,,,0.02397281862795353,,0.07340101897716522,,0.8256667852401733,31046
31062,-112.39524828277234,25.628118990648787,-117.1747703727925,69.18298881643815,-118.20113926757907,-84.25303814088554,183.0,213.0,-27.472142821186583,34.268731437938314,0.7147158229824584,,,,0.025868143886327744,0.0163755863904953,0.08203446120023727,0.05852720886468887,0.8571751713752747,0.8324273824691772,31062
31113,,,-114.51458118002914,67.2909608792332,,-97.87268307003684,,238.0,-43.89636098324251,45.555094734084705,0.7603519522781423,,,,,0.018312795087695122,,0.06941812485456467,,0.8491805195808411,31113
31118,-111.92981856322551,25.762537723705815,,,-93.10583440552251,,188.0,,,,,,,,0.010256449691951275,,0.030405482277274132,,0.8868259191513062,,31118
31155,,,-114.73361234742484,67.1857967700601,,-87.81650598163313,,209.0,-18.48311989729484,23.624292468340204,0.8708134659857808,,,,,0.015411837957799435,,0.06688457727432251,,0.8504575490951538,31155
31161,-111.80466508094163,25.811661321167847,,,-98.61679189783293,,196.0,,,,,,,,0.021130908280611038,,0.09110139310359955,,0.8174310326576233,,31161
31224,-110.89506890208948,25.931597054125135,,,-85.19863243598111,,188.0,,,,,,,,0.01167383510619402,,0.04054500162601471,,0.8018562197685242,,31224
31240,-110.18357755865773,26.231002801694142,,,-81.77665508849701,,209.0,,,,,,,,0.007957907393574715,,0.025722462683916092,,0.8247804641723633,,31240
31252,-110.410228585026,26.269618752707412,,,-120.43560813628108,,205.0,,,,,,,,0.027477780357003212,,0.09692760556936264,,0.8472642302513123,,31252
31338,-110.93517991516703,26.250644048036524,,,-122.84729810389781,,185.0,,,,,,,,0.03604934364557266,,0.11442811042070389,,0.8050614595413208,,31338
31344,-110.01418494965627,26.331093993625007,,,-85.15327133037526,,172.0,,,,,,,,0.016088202595710754,,0.05977057293057442,,0.8030849695205688,,31344
31347,-110.297034978911,26.409097975317685,,,-124.49916853251716,,178.0,,,,,,,,0.036703843623399734,,0.12422735244035721,,0.8041924834251404,,31347
31349,-110.26760528330115,26.423298265604053,,,-96.80034731613583,,172.0,,,,,,,,0.020511725917458534,,0.06567177176475525,,0.8081669807434082,,31349
31425,-110.52390986371054,26.378654989656614,,,-112.20483512826968,,210.0,,,,,,,,0.020242609083652496,,0.0674348846077919,,0.8700758218765259,,31425
31432,-112.26520703303264,27.791399350750797,,,-176.9015363563554,,250.0,,,,,,,,0.031866349279880524,,0.09897477179765701,,0.8544654846191406,,31432
31451,,,-116.43284155601296,67.47841959142609,,-169.65916243054284,,299.0,19.01138351115096,19.125934069770633,0.6658140224320425,,,,,0.03443069010972977,,0.10642309486865997,,0.8380557894706726,31450
31456,-112.84549243267352,27.570401187152992,,,-116.52038228607707,,200.0,,,,,,,,0.025639740750193596,,0.09395436197519302,,0.8332670331001282,,31456
31476,,,-117.38618911383334,67.22361020847599,,-122.74172055401795,,192.0,38.27296993943552,38.55681055597961,0.7126488057915276,,,,,0.032166656106710434,,0.11941438913345337,,0.8777819871902466,31476
31496,,,-117.40877545660966,67.2077323444522,,-70.71052073334096,,187.0,10.302816315130753,13.922790624878623,0.8453571658535782,,,,,0.009488125331699848,,0.03361421450972557,,0.9065229296684265,31496
31500,,,,,,,,,,,,83.5741195678711,88.73967742919922,1.916957974433899,,,,,,,31496
31538,-112.99461154085019,27.525233231062465,,,-108.30383682880928,,180.0,,,,,,,,0.02598423697054386,,0.0772186666727066,,0.7985649108886719,,31538
31583,-112.6955387347574,27.579002460277987,,,-100.4147583464172,,203.0,,,,,,,,0.01706583984196186,,0.05614973232150078,,0.8581653237342834,,31583
31619,-112.84274685881854,27.58926232115695,,,-118.37185773385906,,212.0,,,,,,,,0.017556212842464447,,0.060705047100782394,,0.8920267224311829,,31619
31628,-113.15866313790269,27.504589941619315,,,-113.51544137325942,,181.0,,,,,,,,0.029221227392554283,,0.10512498766183853,,0.7756843566894531,,31628
31630,-112.84339623572629,27.540025112293538,,,-102.02592214816197,,170.0,,,,,,,,0.026399515569210052,,0.08033236861228943,,0.7830663323402405,,31630
31647,-112.64713471283376,27.589522204390665,,,-100.88690047076308,,174.0,,,,,,,,0.01879098266363144,,0.06394340097904205,,0.8359627723693848,,31647
31709,-113.07867720275375,27.238753198786817,,,-101.36854115762259,,184.0,,,,,,,,0.0213356651365757,,0.07733459025621414,,0.8439850807189941,,31709
31714,-113.76274934410606,27.250725049134438,,,-130.99932315533292,,223.0,,,,,,,,0.028924306854605675,,0.09529779851436615,,0.8118453025817871,,31714
31758,-112.6920960624853,26.510205432292423,,,-105.05302155421946,,174.0,,,,,,,,0.02355833537876606,,0.06812764704227448,,0.820225715637207,,31758
31759,-112.31045376795437,26.46030724672029,,,-106.42305763726308,,188.0,,,,,,,,0.019379347562789917,,0.08327039331197739,,0.821244478225708,,31759
31762,,,-115.67005052664523,67.22360416975806,,-72.45771635548455,,250.0,33.26664679980278,33.37018216967583,0.6330205215598695,,,,,0.007750256452709436,,0.04023052006959915,,0.9135265946388245,31762
31783,,,-116.48287507169107,67.20433045190093,,-134.803296992958,,233.0,-38.575270598794255,38.575270598794255,0.9681971102375547,,,,,0.029094919562339783,,0.08481888473033905,,0.8367936611175537,31783
31806,,,-117.66881660030272,67.07919136354515,,-139.639668196511,,355.0,-2.751834395569815,37.15992546719565,0.4400204922512896,,,,,0.01867329515516758,,0.08448462188243866,,0.9283585548400879,31806
31829,,,-117.06808405017236,67.38542493815949,,-68.07733072827834,,223.0,-10.125680186823345,19.933253344933547,0.7373943739178196,,,,,0.009286981076002121,,0.03994923457503319,,0.7925150394439697,31829
31927,-113.0143394145166,26.68992609739237,,,-138.92876943591557,,206.0,,,,,,,,0.03309013694524765,,0.10288124531507492,,0.8170658349990845,,31927
31940,-113.9292754277597,27.120255982186713,,,-148.99971534613374,,209.0,,,,,,,,0.03862452134490013,,0.11632014065980911,,0.8375075459480286,,31940
31954,-113.9056723420076,27.11876096860981,,,-115.0451396580597,,197.0,,,,,,,,0.016006525605916977,,0.05627112090587616,,0.894162118434906,,31954
31974,-113.8427840989334,27.128014418889737,,,-108.31105487885968,,186.0,,,,,,,,0.020042380318045616,,0.05947265401482582,,0.8724802136421204,,31974
32000,,,,,,,,,,,,72.35269165039062,74.95316314697266,1.9338711500167847,,,,,,,31974
32046,-114.12308341438926,27.1465156958253,,,-122.7816235009247,,192.0,,,,,,,,0.02458655834197998,,0.07502157241106033,,0.8663927912712097,,32046
32102,-114.65695073052298,29.803066400602184,,,-269.4286971097012,,480.0,,,,,,,,0.053957924246788025,,0.16495245695114136,,0.8469446301460266,,32102
32131,-115.15514282800618,30.11370489605095,,,-146.04084813821444,,272.0,,,,,,,,0.026139818131923676,,0.09965475648641586,,0.8494145274162292,,32131
32138,-115.23263021740836,30.1010838033628,,,-112.22719957466454,,164.0,,,,,,,,0.03043206036090851,,0.0882287472486496,,0.8117180466651917,,32138
32159,-116.94058802993926,27.62262351630522,,,-116.90339693753783,,208.0,,,,,,,,0.026286566630005836,,0.0937555655837059,,0.8247597813606262,,32159
32163,-116.44330084506244,27.660855345007647,,,-102.13464621391802,,194.0,,,,,,,,0.01720828004181385,,0.0698067769408226,,0.8625788688659668,,32163
32205,-116.48338244165566,27.658681386451846,,,-115.96516212580447,,197.0,,,,,,,,0.025516007095575333,,0.08605587482452393,,0.7976521253585815,,32205
32233,,,-117.6634757312899,67.54281858931819,,-150.0849232933473,,310.0,-34.95776199563857,35.366537364452114,0.8228974623355482,,,,,0.025432314723730087,,0.0869215726852417,,0.8306637406349182,32233
32244,,,-117.3758848044773,67.66335539708983,,-81.99570200986855,,158.0,56.74845854617372,56.74845854617372,0.5770320990605559,,,,,0.01221430953592062,,0.04662138968706131,,0.8881213068962097,32244
32255,-116.06277197469966,27.764400391971442,,,-98.7926142984994,,180.0,,,,,,,,0.02163524739444256,,0.06755626201629639,,0.8252716064453125,,32255
32280,,,-118.06637335145386,67.33547305750574,,-102.93086924747944,,251.0,-78.12347926419095,78.12347926419095,0.8177105785248268,,,,,0.019866857677698135,,0.07543265074491501,,0.8782289624214172,32279
32287,-116.75395011472996,27.603626445102105,,,-127.24827624889568,,220.0,,,,,,,,0.023260517045855522,,0.07157968729734421,,0.8307910561561584,,32287
32310,-117.1000673594853,27.541413277417895,,,-120.62389150070767,,183.0,,,,,,,,0.03446786105632782,,0.12081235647201538,,0.811167299747467,,32310
32336,-116.90072975940161,27.558445484001684,,,-109.66298174422586,,201.0,,,,,,,,0.02159309946000576,,0.07243382185697556,,0.8393837809562683,,32336
32424,-116.96413364742813,27.54057099424646,,,-110.75091682224911,,180.0,,,,,,,,0.019809067249298096,,0.07082284986972809,,0.862745463848114,,32424
32445,,,-111.4422905421899,50.913557293857274,,-95.72920462778887,,166.0,-3.8680171097617553,17.541531822049475,0.9331807962349238,,,,,0.015133464708924294,,0.045012399554252625,,0.8874346613883972,32444
32487,,,-110.51459565371484,50.74155811542671,,-97.20974916159291,,223.0,-17.731998757931148,22.824613812792997,0.8756820908562551,,,,,0.017732884734869003,,0.05868518725037575,,0.8364712595939636,32487
32494,-118.33171542769246,28.51171455218862,,,-171.73931944971943,,480.0,,,,,,,,0.04835764318704605,,0.14515559375286102,,0.8360238671302795,,32494
32500,-118.54218739281545,28.597301711956213,,,-135.31026966942227,,247.0,,,,,73.25176239013672,83.16387939453125,1.9353188276290894,0.022129302844405174,,0.0663464143872261,,0.812756359577179,,32500
32537,-118.3030417001483,28.73595973154538,,,-95.822898273417,,181.0,,,,,,,,0.020541757345199585,,0.07002780586481094,,0.8263936042785645,,32537
32589,-112.91099097421186,46.53251779502072,,,143.4067174143144,,100.0,,,,,,,,0.044213660061359406,,0.130762979388237,,0.7736996412277222,,32589
32619,-113.17072733644007,46.515131097835116,,,-116.4199732365927,,234.0,,,,,,,,0.02507859468460083,,0.09970974177122116,,0.8271546959877014,,32619
32652,,,-110.43275568064881,50.77389470387441,,-88.37229694634031,,232.0,31.305283741190514,31.365184600497113,0.6113612740218874,,,,,0.008886615745723248,,0.030741704627871513,,0.8861525058746338,32652
32666,-113.15045280374694,46.50598862931366,,,-133.62690211042386,,206.0,,,,,,,,0.029664237052202225,,0.08968230336904526,,0.8301196098327637,,32666
32730,,,-110.64022392831235,50.693255555583164,,-96.00397469688804,,224.0,-17.15097612062735,18.87042187659868,0.9309173829925674,,,,,0.01778802089393139,,0.05850926786661148,,0.824290931224823,32730
32773,-113.15625127216643,46.50514991160957,,,-106.57152980071315,,220.0,,,,,,,,0.017937978729605675,,0.055532198399305344,,0.8684830665588379,,32773
32777,-114.3130070865937,47.72440170807911,,,-192.31376772185564,,480.0,,,,,,,,0.06824406236410141,,0.1748003214597702,,0.7626851797103882,,32777
32842,-114.32098577977617,47.72398276743471,,,-112.01058925530491,,212.0,,,,,,,,0.02134658396244049,,0.07349454611539841,,0.8724966049194336,,32842
32876,-114.5539505374412,47.71425682747648,,,-118.26938322072392,,217.0,,,,,,,,0.019694974645972252,,0.06416454911231995,,0.8713850378990173,,32876
32886,-115.00017135102819,47.7322930909426,,,-127.86155800220864,,212.0,,,,,,,,0.032262396067380905,,0.10296321660280228,,0.7913030385971069,,32886
32943,-114.56876635163987,47.79884287299064,,,-96.63088929816321,,189.0,,,,,,,,0.013897161930799484,,0.04738626629114151,,0.8740190863609314,,32943
32960,-115.19948934619379,47.719469966419545,,,-124.64198413321782,,191.0,,,,,,,,0.02444298379123211,,0.08763587474822998,,0.8573585152626038,,32960
32998,-115.62337763674412,47.66438685421474,,,-119.81120642535019,,200.0,,,,,,,,0.02854335494339466,,0.09719248116016388,,0.80305016040802,,32998
33000,,,,,,,,,,,,82.54194641113281,96.99946594238281,1.9352189302444458,,,,,,,32998
33034,-116.11484132824998,47.47445366144421,,,-109.77181701127458,,195.0,,,,,,,,0.025007622316479683,,0.08556105196475983,,0.8074378371238708,,33034
33042,-113.72974207707279,51.92658219532058,,,37.47830747036268,,252.0,,,,,,,,0.06775707751512527,,0.18173334002494812,,0.7475355267524719,,33042
33052,,,-110.76212600040098,50.692318854917495,,-113.35920125066852,,196.0,45.56028113194874,45.56028113194874,0.5203958025484334,,,,,0.030677899718284607,,0.11849713325500488,,0.8806153535842896,33052
33068,-113.64669205819403,51.919110757580434,,,-116.28310719234373,,203.0,,,,,,,,0.024581559002399445,,0.09227415919303894,,0.8480517864227295,,33068
33075,,,-111.7268165893301,50.42499702233695,,-121.35161375913263,,204.0,-27.340318618159667,28.243478526379548,0.6679242738492109,,,,,0.023708319291472435,,0.07382973283529282,,0.9062404632568359,33075
33118,-113.77848663164947,51.950653147256745,,,-129.43702677666877,,218.0,,,,,,,,0.019942015409469604,,0.06650752574205399,,0.8655548095703125,,33118
33194,-114.28080148865975,51.79262796120478,,,-110.2690141808895,,188.0,,,,,,,,0.02056104876101017,,0.06973562389612198,,0.8726344108581543,,33194
33195,,,-111.1111212188009,50.7879053714018,,-66.19770410190733,,169.0,12.536752052208376,18.123923189188602,0.8399308424341378,,,,,0.007834349758923054,,0.025858813896775246,,0.7892183065414429,33195
33201,,,-111.81630987658045,50.57171695725321,,-113.55661374631443,,240.0,-14.715545801073313,19.178461992988982,0.7901847227171918,,,,,0.032254599034786224,,0.14000888168811798,,0.8296201825141907,33201
33224,-117.32493805066017,56.55758237026528,,,-276.705996632538,,480.0,,,,,,,,0.038141440600156784,,0.125362828373909,,0.916027843952179,,33224
33323,-118.27245310077421,56.60262237804884,,,-144.17609982183984,,242.0,,,,,,,,0.022454096004366875,,0.07891742885112762,,0.8969152569770813,,33323
33328,-118.30839214543515,56.599328798290735,,,-114.00178736131487,,200.0,,,,,,,,0.02510659582912922,,0.09088920056819916,,0.8510879278182983,,33328
33347,-116.62102567206756,56.0826254855497,,,-92.53321268797605,,168.0,,,,,,,,0.018503841012716293,,0.07534390687942505,,0.8222267031669617,,33347
33385,-116.85574988997847,56.106268027177855,,,-128.25659318162283,,228.0,,,,,,,,0.027975039556622505,,0.0916319489479065,,0.8518882989883423,,33385
33404,-117.02685752767677,56.092970415323705,,,-116.8592187137242,,210.0,,,,,,,,0.02077651210129261,,0.07334757596254349,,0.888296902179718,,33404
33450,,,-112.56251744995922,50.87192432905003,,-151.2505396449418,,349.0,-38.486314995924175,43.15652861123782,0.8492247292004632,,,,,0.0259937085211277,,0.10268652439117432,,0.8390794396400452,33449
33488,,,-113.58782892739808,51.457430710115865,,-167.9256620933464,,243.0,1.2877686602588543,15.652158474235378,0.8830235146837958,,,,,0.03926071897149086,,0.12169094383716583,,0.8364410400390625,33488
33500,,,,,,,,,,,,71.01970672607422,78.19914245605469,1.9295016527175903,,,,,,,33488
33556,-117.28368701762045,56.0456999604205,,,-113.25623284360096,,194.0,,,,,,,,0.03159059211611748,,0.11929117143154144,,0.8209165334701538,,33556
33562,-115.28916090340033,57.72095200902299,,,-18.64555202285393,,324.0,,,,,,,,0.08112931251525879,,0.21486890316009521,,0.7218834161758423,,33562
33599,-115.45622316370269,57.7276644060912,,,-121.86855438837645,,194.0,,,,,,,,0.027852734550833702,,0.08441939949989319,,0.8187055587768555,,33599
33612,-116.2495809268855,57.810159843377754,,,-141.6938103073028,,480.0,,,,,,,,0.05814741551876068,,0.1718050241470337,,0.7801454067230225,,33612
33655,-116.42370847485819,57.776726708129175,,,-109.59327786939748,,177.0,,,,,,,,0.023958005011081696,,0.0841028019785881,,0.848707914352417,,33655
33701,-116.82621214451942,57.74053238342362,,,-121.49372464068341,,194.0,,,,,,,,0.02105892077088356,,0.06806127727031708,,0.9024679064750671,,33701
33737,-116.1866575634071,57.75709996891204,,,-99.02159409971813,,150.0,,,,,,,,0.017597621306777,,0.04889228567481041,,0.829025149345398,,33737
33751,-116.77819274962494,57.79149160446631,,,-134.62978086511202,,207.0,,,,,,,,0.027574626728892326,,0.08180683851242065,,0.8323253393173218,,33751
33768,-116.82798707097379,57.78362001697193,,,-108.91277370470361,,196.0,,,,,,,,0.019660763442516327,,0.06784621626138687,,0.8293838500976562,,33768
33772,-116.02004568441434,57.7513650374734,,,-98.53170010794388,,208.0,,,,,,,,0.013467918150126934,,0.04551112651824951,,0.8526709675788879,,33772
33773,,,-111.44395359746679,50.365267079390215,,-84.85499546535019,,247.0,-6.917622020611396,13.603998540625398,0.748103540204454,,,,,0.013027253560721874,,0.05037049204111099,,0.8665758371353149,33773
33805,,,-112.4249305387013,50.29429405615187,,-132.81753975766722,,253.0,13.263615732372042,28.319210270883538,0.3498068524352092,,,,,0.03129233792424202,,0.12656579911708832,,0.8611579537391663,33805
33812,,,-112.29646619196976,50.392313071714376,,-70.73686730967225,,170.0,15.120491747295155,20.269911666477427,0.7707672212007612,,,,,0.010609840974211693,,0.05319203436374664,,0.8406039476394653,33812
33837,,,-112.82620710893889,50.24100782712845,,-111.43335385900963,,231.0,2.32606347376134,9.237185684375433,0.8712138672050053,,,,,0.020581018179655075,,0.07507941871881485,,0.8325961232185364,33837
33901,-114.80127230473354,57.68548947337341,,,-88.0610463620939,,175.0,,,,,,,,0.02079370617866516,,0.08391453325748444,,0.8247132301330566,,33901
33926,-115.23125014038801,57.76577340358879,,,-136.54403144078316,,480.0,,,,,,,,0.03466617316007614,,0.12503427267074585,,0.8502292037010193,,33926
33978,-114.90822559133291,57.84866688980432,,,-92.15982742610437,,138.0,,,,,,,,0.01643824204802513,,0.0686185359954834,,0.8804375529289246,,33978
34000,,,,,,,,,,,,74.18653869628906,75.6632080078125,1.9361162185668945,,,,,,,33978
34009,-115.13921959389653,57.90267894970979,,,-134.33132362910615,,211.0,,,,,,,,0.031172266229987144,,0.10071215778589249,,0.8322891592979431,,34009
34013,-111.91932577172645,53.545745430160856,,,-108.43400600119821,,214.0,,,,,,,,0.0170754324644804,,0.055639512836933136,,0.8376856446266174,,34013
34039,-111.23427354545214,53.3234688953464,,,-111.78823682449851,,207.0,,,,,,,,0.01721937395632267,,0.05308552086353302,,0.8455063104629517,,34039
34126,-111.49851742126282,53.360458213427556,,,-125.4393933651989,,210.0,,,,,,,,0.024109380319714546,,0.06824349611997604,,0.8365364670753479,,34126
34149,-111.53072593345027,53.36419678986184,,,-118.5138225469095,,214.0,,,,,,,,0.023672010749578476,,0.09950778633356094,,0.8847969770431519,,34149
34174,-112.06460767181551,53.401040852174134,,,-128.8287331321799,,211.0,,,,,,,,0.028194228187203407,,0.09053591638803482,,0.8944092392921448,,34174
34184,,,-113.01515431699215,50.12731128193586,,-87.44669023405922,,197.0,-38.41928716510686,39.93074428581345,0.9535304325942933,,,,,0.012877805158495903,,0.04137101024389267,,0.8803049921989441,34184
34252,-114.06453392017801,55.34671039467971,,,-215.96147454392963,,480.0,,,,,,,,0.04344338923692703,,0.12296446412801743,,0.8413698077201843,,34252
34286,,,-113.55186410855833,50.18712418488357,,-132.2909578671437,,355.0,-68.60272285669622,70.75227577216188,0.8095872963176532,,,,,0.01742839813232422,,0.05988612025976181,,0.8611504435539246,34286
34298,-113.13513434450532,55.98188258478368,,,-52.322635514864714,,331.0,,,,,,,,0.06322638690471649,,0.18054209649562836,,0.7985889911651611,,34298
34346,-112.77918342833814,55.947585808827085,,,-109.45073044053713,,218.0,,,,,,,,0.02149369567632675,,0.07409997284412384,,0.8230103254318237,,34346
34385,-112.73835971709343,55.942591286392584,,,-118.58270593847219,,203.0,,,,,,,,0.022713009268045425,,0.08938856422901154,,0.8441382050514221,,34385
34390,-112.48482321873081,55.984665025390925,,,-96.98615682609456,,167.0,,,,,,,,0.02180468663573265,,0.08447498828172684,,0.8425495028495789,,34390
34406,-113.22217535420323,56.19934554111392,,,-147.61852359587027,,245.0,,,,,,,,0.029688645154237747,,0.10018893331289291,,0.8498201966285706,,34406
34445,-111.70765032870275,55.61933654344559,,,-96.01306817469514,,168.0,,,,,,,,0.016440097242593765,,0.06670436263084412,,0.8772428631782532,,34445
34468,-111.40187384249441,55.53069249734603,,,-120.02144535900526,,187.0,,,,,,,,0.021174831315875053,,0.0595187246799469,,0.8770410418510437,,34468
34494,-111.88959301333566,55.49880276754885,,,-120.20885681547963,,232.0,,,,,,,,0.0245908722281456,,0.08169621974229813,,0.8021697402000427,,34494
34495,,,-113.44584078256256,50.227249550047006,,-91.84696285706485,,204.0,-23.884617835575458,24.465487580965547,0.922414700612283,,,,,0.020190047100186348,,0.07170666009187698,,0.826416015625,34495
34500,,,,,,,,,,,,100.7143783569336,100.52981567382812,1.9277266263961792,,,,,,,34495
34501,,,-113.29167753758058,50.34394131119461,,-71.45168389031252,,218.0,-42.18540666491614,44.00779996470574,0.7193383685288047,,,,,0.008343891240656376,,0.0376032255589962,,0.850206196308136,34501
34553,-116.94684545860083,41.84657262833309,,,-109.45590484894446,,202.0,,,,,,,,0.017828725278377533,,0.0639287531375885,,0.8918108940124512,,34553
34556,,,-115.02052056851203,51.60407305317195,,-194.53148167595003,,480.0,-97.16344776103894,104.88367633968592,0.47824642683932006,,,,,0.02924356795847416,,0.08947031944990158,,0.9333130717277527,34556
34596,,,-113.92776005321076,51.39436543533526,,-97.03815160145803,,324.0,-11.622983636863438,27.27967852850755,0.46962419084791046,,,,,0.011144337244331837,,0.04688207432627678,,0.888556182384491,34596
34620,-117.55770801945333,42.05682403669007,,,-146.9631012792167,,232.0,,,,,,,,0.03489499166607857,,0.11300227046012878,,0.8089346885681152,,34620
34633,-117.1967227667714,41.99476361589028,,,-115.57763947632667,,192.0,,,,,,,,0.020720647647976875,,0.0677628293633461,,0.8549299240112305,,34633
34721,-117.35518968283661,41.96931217498706,,,-114.49487560397382,,183.0,,,,,,,,0.018619071692228317,,0.06526701152324677,,0.8722039461135864,,34721
34747,-115.65327085996499,40.59810575560777,,,-107.21782657827579,,196.0,,,,,,,,0.016062187030911446,,0.05853995308279991,,0.881683886051178,,34747
34790,-118.12079782158077,43.91554550279539,,,-235.3869373360943,,480.0,,,,,,,,0.08310294896364212,,0.21990437805652618,,0.7553800344467163,,34790
34822,-118.29015636009885,43.93211693777185,,,-126.73731014662779,,236.0,,,,,,,,0.02336917258799076,,0.07027043402194977,,0.8665830492973328,,34822
34828,,,-113.7032419546522,51.51197230433736,,-81.2503957742562,,182.0,4.4443433834956245,12.583813515338269,0.7949401450460694,,,,,0.015662606805562973,,0.05498430132865906,,0.8046145439147949,34828
34871,-117.98895610991802,43.91708596253208,,,-112.801545493167,,188.0,,,,,,,,0.024901961907744408,,0.08451826870441437,,0.8113977909088135,,34871
34876,-118.34088714992342,43.81490868983234,,,-114.22744129843257,,190.0,,,,,,,,0.021059639751911163,,0.0720502957701683,,0.8308855891227722,,34876
34927,-118.0303402662057,43.82417347100077,,,-109.11463994733238,,194.0,,,,,,,,0.03378188610076904,,0.09770449250936508,,0.7628352046012878,,34927
34978,-118.02457759852248,43.82395786034442,,,-119.52307304118935,,188.0,,,,,,,,0.029846206307411194,,0.08979318290948868,,0.7974735498428345,,34978
34984,-117.85505397319395,43.87192192109165,,,-101.29563574484848,,178.0,,,,,,,,0.02007674239575863,,0.05636968836188316,,0.8234564065933228,,34984
35000,,,,,,,,,,,,82.6082763671875,83.56200408935547,1.9325551986694336,,,,,,,34984
35009,-121.38999364778303,37.932196553697594,,,-139.26867625909097,,226.0,,,,,,,,0.027401618659496307,,0.09598790854215622,,0.8203155994415283,,35009
35010,-120.99535333332459,38.085608959995646,,,-96.5510914694217,,178.0,,,,,,,,0.025827111676335335,,0.07649710774421692,,0.7948365211486816,,35010
35033,,,-112.84974883215814,51.729825024304624,,-78.76301759441101,,220.0,41.60061667588624,43.82430651811036,0.4704417457512296,,,,,0.01120820827782154,,0.04925848916172981,,0.8771008849143982,35033
35055,-120.3565191788628,38.20635151371167,,,-97.49531905357846,,189.0,,,,,,,,0.0187754537910223,,0.07462050765752792,,0.8186416029930115,,35055
35067,-116.53045507655794,47.47858187362776,,,81.0341909343529,,148.0,,,,,,,,0.04534585773944855,,0.1341254711151123,,0.8628681302070618,,35067
35079,,,-109.51995933962668,48.53772147737884,,-76.00087129589568,,209.0,2.00583948986382,20.90688708239195,0.7930400189908625,,,,,0.010607162490487099,,0.03860851377248764,,0.8580463528633118,35079
35111,,,-109.25945372074935,48.62746221928667,,-86.14100541179101,,208.0,-19.97593579498621,23.185026566569622,0.8693759718018791,,,,,0.008853068575263023,,0.02600349485874176,,0.9089467525482178,35110
35130,,,-109.4199665179309,48.58816569233373,,-101.45243046318896,,240.0,19.38557985735436,23.832324871545037,0.868861890328246,,,,,0.019563807174563408,,0.06393513828516006,,0.822363555431366,35130
35141,-113.78904973222501,41.76426014261148,,,-139.63572941589223,,235.0,,,,,,,,0.02777903713285923,,0.08161158859729767,,0.8439016938209534,,35141
35256,-113.54277862030709,41.620407777921564,,,-131.86254422594297,,184.0,,,,,,,,0.0331554040312767,,0.1153411790728569,,0.8595235347747803,,35256
35307,-114.93377856630674,42.75914484069065,,,-183.55178466129644,,480.0,,,,,,,,0.05219762399792671,,0.14454349875450134,,0.81280517578125,,35307
35317,-115.28242614049208,42.64599468904114,,,-109.96559139724373,,188.0,,,,,,,,0.026079101487994194,,0.09300403296947479,,0.8225004076957703,,35317
35331,,,-108.6891851729219,48.77973477822741,,-78.02289399630178,,154.0,33.26600609003724,35.042829282485044,0.7433076410490107,,,,,0.013328885659575462,,0.06431541591882706,,0.914857804775238,35331
35345,-115.09564947717178,42.60919748522861,,,-118.91776001560831,,414.0,,,,,,,,0.06890679150819778,,0.18153658509254456,,0.7544679641723633,,35345
35413,-115.14891779738595,42.61303360780386,,,-119.52263472443242,,215.0,,,,,,,,0.02428799495100975,,0.10596509277820587,,0.8230462670326233,,35413
35430,-115.19185804068685,42.61218649535891,,,-115.4032450086458,,188.0,,,,,,,,0.024304548278450966,,0.0843195766210556,,0.8527306318283081,,35430
35493,-117.40446237386104,40.354010539785136,,,-129.27576868156365,,183.0,,,,,,,,0.027963407337665558,,0.08411189913749695,,0.873358428478241,,35493
35500,,,,,,,,,,,,78.773193359375,85.72555541992188,1.9336163997650146,,,,,,,35493
35511,-117.28438240104614,40.3494809302832,,,-115.86455574763121,,192.0,,,,,,,,0.0220628809183836,,0.06647323071956635,,0.8115631341934204,,35511
35514,-117.14468269775293,40.27675404025348,,,-134.70882514264193,,185.0,,,,,,,,0.03465215116739273,,0.12880699336528778,,0.8285632133483887,,35514
35515,-117.27900566348757,40.26254279267672,,,-116.30942615612992,,172.0,,,,,,,,0.020977960899472237,,0.060985758900642395,,0.8843953013420105,,35515
35569,-113.58338925569934,47.530430609890345,,,63.287095748727296,,162.0,,,,,,,,0.0777018740773201,,0.1945928931236267,,0.7256855964660645,,35569
35583,,,-109.02957342633985,48.710606006197374,,-107.46952612392464,,194.0,3.786578194689505,12.423427981506919,0.8612232322082316,,,,,0.025024430826306343,,0.07679779827594757,,0.814099133014679,35583
35621,-114.4582456619418,47.65675384717292,,,-142.76441441184167,,206.0,,,,,,,,0.03833307698369026,,0.1264113038778305,,0.8300883173942566,,35621
35622,-113.66405844535328,47.64485460015617,,,-94.9204200356856,,179.0,,,,,,,,0.021235397085547447,,0.07253871858119965,,0.8110595345497131,,35622
35631,,,-109.41314077682357,48.53631296672905,,-96.71603638441583,,206.0,11.399617490259189,12.204533464700273,0.9001069898728892,,,,,0.021404527127742767,,0.07587886601686478,,0.8158270716667175,35631
35646,-113.40126725398393,47.70653270494398,,,-95.77321413623567,,210.0,,,,,,,,0.017143957316875458,,0.057685114443302155,,0.8375663161277771,,35646
35690,-113.2365293864205,47.77177214610954,,,-90.2948067297722,,176.0,,,,,,,,0.01882665790617466,,0.06661812216043472,,0.8314403891563416,,35690
35711,-113.79523941775663,47.63723661399373,,,-115.99654792890091,,192.0,,,,,,,,0.021605536341667175,,0.07500039041042328,,0.8541082739830017,,35711
35730,-109.14405580465512,55.83664241341285,,,96.01514921429276,,132.0,,,,,,,,0.08853115886449814,,0.22074632346630096,,0.6989328861236572,,35730
35741,,,-108.07087389792262,48.630987268390996,,-71.75857782551898,,181.0,-20.24389910796729,24.83348651518479,0.8314875862677196,,,,,0.012299817055463791,,0.04360911622643471,,0.8285645246505737,35741
35792,-109.32565595872252,55.79585926576201,,,-101.23983512947483,,197.0,,,,,,,,0.020826052874326706,,0.08351243287324905,,0.8255236148834229,,35792
35805,-108.80378221251306,55.68144723711525,,,-108.2376363186318,,188.0,,,,,,,,0.02226099744439125,,0.09112174808979034,,0.8380128145217896,,35805
35816,,,-109.84644701600364,48.85935007738505,,-159.61727888746842,,310.0,-25.590880053850913,26.41879822688718,0.9547832140479435,,,,,0.028458697721362114,,0.08886175602674484,,0.8131425976753235,35816
35832,,,-110.38890906900808,48.65010696666824,,-104.87313776802651,,176.0,-39.24355694380674,40.37131501056931,0.9575688156713119,,,,,0.02313065715134144,,0.06542334705591202,,0.8498589396476746,35832
35900,,,-110.76269161967478,48.50396397223832,,-100.92752078172178,,276.0,-55.49920348326365,55.49920348326365,0.9179482805244638,,,,,0.014169511385262012,,0.053047262132167816,,0.8019301891326904,35900
35924,-108.50384099951827,55.723008358323156,,,-93.43694535145902,,218.0,,,,,,,,0.010678892955183983,,0.046470168977975845,,0.8917804956436157,,35924
35991,-108.70072098356766,55.75164794671872,,,-121.6322360269686,,480.0,,,,,,,,0.03923327848315239,,0.12040998041629791,,0.8246913552284241,,35991
36000,,,,,,,,,,,,69.9443359375,75.3934326171875,1.9380271434783936,,,,,,,35991
36014,-109.13442965617982,55.964119942664794,,,-147.12482699580687,,251.0,,,,,,,,0.02629818581044674,,0.09626264870166779,,0.8987456560134888,,36014
36027,-108.75060413251849,55.964286824538675,,,-99.322546363843,,188.0,,,,,,,,0.020654207095503807,,0.08074617385864258,,0.8595995903015137,,36027
36083,-109.26964523520454,56.267618821650416,,,-154.78078826648326,,327.0,,,,,,,,0.02004466950893402,,0.06822359561920166,,0.8805774450302124,,36083
36135,-107.31153808653964,54.18571635761979,,,-118.05611711068345,,214.0,,,,,,,,0.026818977668881416,,0.0939873605966568,,0.8144135475158691,,36135
36160,-108.64610760044134,53.63386565242752,,,-119.05111120994913,,179.0,,,,,,,,0.025361206382513046,,0.08071596920490265,,0.8619011044502258,,36160
36161,-108.7953960947942,53.6462846090952,,,-116.91515515818048,,172.0,,,,,,,,0.030512351542711258,,0.10705812275409698,,0.8191258907318115,,36161
36191,-108.39426900221672,53.646585971076746,,,-98.52635130959875,,243.0,,,,,,,,0.011120963841676712,,0.03851839900016785,,0.8486189246177673,,36191
36202,,,-111.29373266551227,48.29827301892841,,-105.55677557795651,,164.0,-20.978325044599973,24.50003147961163,0.9460607229194141,,,,,0.025338618084788322,,0.08066849410533905,,0.8269213438034058,36201
36223,-108.52551087861309,53.626539505470056,,,-103.54825064591299,,149.0,,,,,,,,0.0234469436109066,,0.09047039598226547,,0.8216761946678162,,36223
36266,-107.55063768294929,53.34934665479708,,,-98.87486381268035,,164.0,,,,,,,,0.01953483186662197,,0.06755062937736511,,0.8285866379737854,,36266
36284,-107.79883958734277,53.3239542806753,,,-108.42316339436903,,178.0,,,,,,,,0.017736753448843956,,0.05484575033187866,,0.8380076885223389,,36284
36306,-107.41701616825515,53.3034146459735,,,-100.93027440462389,,184.0,,,,,,,,0.021363750100135803,,0.07622848451137543,,0.8436870574951172,,36306
36308,,,-105.64920158466585,30.327182097546665,,-92.52228100847468,,238.0,36.625979647165586,37.79338560109379,0.540397657972956,,,,,0.014220195822417736,,0.05435478687286377,,0.8932594060897827,36308
36327,-107.15343637100302,53.272083801541704,,,-107.02986695287362,,204.0,,,,,,,,0.015356103889644146,,0.04909852147102356,,0.8680716156959534,,36327
36370,-106.99484059808582,53.27679670703656,,,-101.52611620308382,,188.0,,,,,,,,0.02256002277135849,,0.07443059235811234,,0.8046547174453735,,36370
36390,,,-105.46524631323507,30.414875100603332,,-86.48022102504731,,163.0,36.573183463395004,37.753040775930955,0.7881477558496333,,,,,0.013006015680730343,,0.05427110567688942,,0.9090673923492432,36390
36391,-105.92089098969984,53.00079520022723,,,-93.26562085991829,,187.0,,,,,,,,0.011769059114158154,,0.03976564481854439,,0.9143104553222656,,36391
36428,-105.80249745347179,52.98570121357691,,,-109.65796266492396,,202.0,,,,,,,,0.018734417855739594,,0.06000765040516853,,0.8686443567276001,,36428
36443,,,-105.89253393758355,30.67342305301976,,-134.84307448283604,,217.0,-3.5362486421787245,6.449737434563,0.9303430210681484,,,,,0.039775338023900986,,0.12804682552814484,,0.7775903940200806,36443
36474,,,-103.98141649543973,29.97587386862188,,-68.22739808975906,,253.0,37.310946283133134,41.22291900753504,0.22536507348731258,,,,,0.004724426660686731,,0.021864477545022964,,0.9613301753997803,36474
36490,-105.67837471916644,52.972460824588225,,,-108.28873888870744,,169.0,,,,,,,,0.02917044423520565,,0.08004731684923172,,0.7708578705787659,,36490
36493,-105.54121964220661,52.977175111341744,,,-100.36007273028356,,176.0,,,,,,,,0.021854307502508163,,0.07095202803611755,,0.818073570728302,,36493
36500,,,,,,,,,,,,80.19353485107422,76.4676284790039,1.9555158615112305,,,,,,,36493
36551,-103.23629242294218,49.68232089548384,,,-120.14057637287289,,204.0,,,,,,,,0.024603720754384995,,0.0824861079454422,,0.8398869633674622,,36551
36570,,,-104.22656079987328,29.863440956773285,,-96.51025336256237,,185.0,3.8970901740563884,16.10558082413029,0.8783539949178852,,,,,0.01879258267581463,,0.062273330986499786,,0.8717889785766602,36570
36579,-102.89231962230225,49.57784923617245,,,-109.53867011463174,,198.0,,,,,,,,0.028415050357580185,,0.10011285543441772,,0.8207659721374512,,36579
36641,-102.91959602634324,49.5836683504808,,,-114.16536569521618,,188.0,,,,,,,,0.024852750822901726,,0.08419155329465866,,0.8621953725814819,,36641
36655,-102.7347939086622,49.55839160926592,,,-104.98733541438003,,168.0,,,,,,,,0.02256707474589348,,0.06948824971914291,,0.8219440579414368,,36655
36662,-103.08837437254752,49.6655987059325,,,-126.7936631415974,,216.0,,,,,,,,0.023194316774606705,,0.0816386267542839,,0.8530539274215698,,36662
36750,-103.2827041580239,49.74846366434503,,,-129.23956231500873,,211.0,,,,,,,,0.027873234823346138,,0.08560729026794434,,0.8479195833206177,,36750
36752,-103.47514117930189,49.759013598145245,,,-110.9174868087475,,190.0,,,,,,,,0.02278432808816433,,0.07788208872079849,,0.8419033288955688,,36752
36754,-102.65500448639646,49.499564006588784,,,-98.2618416138207,,190.0,,,,,,,,0.019559623673558235,,0.06201563775539398,,0.7748210430145264,,36754
36800,-103.51628720374309,49.75983355381894,,,-139.61522733675378,,167.0,,,,,,,,0.036681707948446274,,0.11068086326122284,,0.8549371361732483,,36800
36814,,,-103.98706460134963,29.961293829360923,,-85.89787314385394,,172.0,-33.80515585423902,36.41485490320727,0.9140253276936491,,,,,0.016587069258093834,,0.05125923082232475,,0.8331498503684998,36814
36817,-103.42166035824368,49.77568968386215,,,-92.76397677860753,,192.0,,,,,,,,0.01821712963283062,,0.05759536102414131,,0.8436198234558105,,36817
36852,-106.9803635577129,42.253119196413024,,,-96.90096903910802,,178.0,,,,,,,,0.014750763773918152,,0.043214403092861176,,0.8387470245361328,,36852
36864,-106.70828422808394,42.085433497141025,,,-126.03176293444535,,227.0,,,,,,,,0.026122426614165306,,0.08415964245796204,,0.8076377511024475,,36864
36867,,,-105.09110412738319,30.359504552249497,,-143.01848228331139,,190.0,-39.49570119255468,39.49570119255468,0.9664006211880469,,,,,0.03267742693424225,,0.09338484704494476,,0.8451095223426819,36867
36934,-106.29049323174624,41.937074080858515,,,-110.97299440905721,,189.0,,,,,,,,0.018833642825484276,,0.061955805867910385,,0.8795924186706543,,36934
37000,,,,,,,,,,,,67.20831298828125,70.45376586914062,1.9711297750473022,,,,,,,36934
37009,-104.97211335835556,40.498973669404926,,,-117.63279099176302,,480.0,,,,,,,,0.02859553135931492,,0.09999798238277435,,0.8420408964157104,,37009
37015,,,-104.04566882525522,28.98706392779256,,-117.38739732414456,,225.0,-22.39084123187595,25.543878565894232,0.935663766995433,,,,,0.029018312692642212,,0.10042499750852585,,0.8428282141685486,37015
37016,-105.01131355661671,40.50473620522752,,,-111.92560131030014,,214.0,,,,,,,,0.023840993642807007,,0.0770382210612297,,0.8320667147636414,,37016
37061,-104.81288284030441,40.46040145006313,,,-108.99622419999241,,186.0,,,,,,,,0.024373335763812065,,0.10619474947452545,,0.8424490094184875,,37061
37081,,,-103.69987350006366,28.864840316872247,,-105.45195429443987,,201.0,-39.4802470717264,41.09827279688707,0.8412814569032164,,,,,0.020343275740742683,,0.08115632832050323,,0.8448774814605713,37081
37133,-105.04758947101399,40.578914611277135,,,-131.25796625991305,,208.0,,,,,,,,0.02529357373714447,,0.08317849040031433,,0.8594837188720703,,37133
37134,-104.98216581959811,40.56480042952549,,,-112.13206243785072,,196.0,,,,,,,,0.02666274830698967,,0.0954686850309372,,0.8288931250572205,,37134
37150,,,-110.18187429994103,49.64177040141496,,-394.8105607272094,,480.0,-13.942152799417576,17.119350065042575,0.5806873277754716,,,,,0.05717502534389496,,0.15722081065177917,,0.8024556040763855,37150
37159,-105.05477526775952,40.61144245836023,,,-132.90624108963456,,214.0,,,,,,,,0.02557058073580265,,0.0865660235285759,,0.8738194108009338,,37159
37196,,,-110.26916780081781,49.579154980365175,,-76.82239139932376,,164.0,-9.280643693194158,24.956957214852658,0.8198120561509387,,,,,0.012986195273697376,,0.05569826811552048,,0.8546124696731567,37195
37249,-105.34016088037437,40.73634707044993,,,-130.1338363783735,,204.0,,,,,,,,0.027615979313850403,,0.09159310162067413,,0.8277407884597778,,37249
37286,-104.63171675555479,40.52691227030414,,,-99.2866189016618,,179.0,,,,,,,,0.017041213810443878,,0.05194742605090141,,0.8692322373390198,,37286
37287,-104.1939521752355,40.516622472962695,,,-94.42119714016587,,166.0,,,,,,,,0.018491609022021294,,0.056741610169410706,,0.843191385269165,,37287
37292,-107.58154637314692,32.69854694383737,,,-106.09261414684482,,208.0,,,,,,,,0.023497896268963814,,0.0821848213672638,,0.819794237613678,,37292
37356,-107.08916157759049,32.348533973327996,,,-118.14517463402024,,197.0,,,,,,,,0.017614735290408134,,0.05489353463053703,,0.8337676525115967,,37356
37444,-107.29586673373409,32.30310497521586,,,-105.25567784286653,,181.0,,,,,,,,0.02343948744237423,,0.07780012488365173,,0.823192834854126,,37444
37452,-108.36509922184442,32.78520168604739,,,-149.23483854175097,,480.0,,,,,,,,0.0443650521337986,,0.14705537259578705,,0.8199231028556824,,37452
37458,-108.67717674730234,32.68582279792345,,,-105.89868300266784,,212.0,,,,,,,,0.019186271354556084,,0.06464127451181412,,0.8568174839019775,,37458
37482,,,-110.29359266743876,49.59153482566142,,-136.024540324005,,315.0,-24.50440252508436,24.50440252508436,0.864976489111481,,,,,0.024214928969740868,,0.08899012953042984,,0.8309974074363708,37482
37500,,,,,,,,,,,,70.17539978027344,71.16749572753906,1.965215802192688,,,,,,,37482
37529,-108.442279224878,32.674578392394636,,,-104.2516718076839,,219.0,,,,,,,,0.015015305019915104,,0.05494336411356926,,0.8890801668167114,,37529
37551,-112.74215806056885,14.673195851943497,,,-118.97879257024995,,203.0,,,,,,,,0.022941652685403824,,0.07137087732553482,,0.8741927146911621,,37551
37561,-112.67716968702177,14.731078099522115,,,-97.99041645212144,,174.0,,,,,,,,0.024357732385396957,,0.08080738037824631,,0.8298878073692322,,37561
37567,,,-109.04982063858057,49.61977574207568,,-77.45106675360033,,203.0,13.269327305220617,17.93848535756172,0.7767785554911271,,,,,0.008909971453249454,,0.03164444863796234,,0.869008481502533,37567
37575,,,-109.30585239765682,49.440405420911276,,-80.87891868209161,,162.0,-3.9421653390666584,9.071471238209877,0.9780707430957172,,,,,0.010767541825771332,,0.03131536766886711,,0.8931295871734619,37575
37612,-112.80317849652138,14.719505906407143,,,-114.53807679361203,,182.0,,,,,,,,0.01902257278561592,,0.06847906857728958,,0.8810563683509827,,37612
37666,-113.42440342544464,14.54346522373947,,,-124.49819179762237,,211.0,,,,,,,,0.02914430946111679,,0.09430330246686935,,0.8216724991798401,,37666
37704,-112.23656886095515,13.856911319010415,,,-96.14219772824173,,181.0,,,,,,,,0.017452534288167953,,0.04955059662461281,,0.8226602673530579,,37704
37722,-112.34899838328107,13.774234498462594,,,-104.94402248013962,,160.0,,,,,,,,0.026207413524389267,,0.08509524911642075,,0.8061341047286987,,37722
37766,,,-108.2382396632286,49.123632072519264,,-96.7042865719357,,206.0,-58.34721828895865,58.34721828895865,0.9519912229606428,,,,,0.01832284778356552,,0.05976638197898865,,0.7908363342285156,37766
37782,-111.5748031574346,12.38539833245971,,,-116.07102697416059,,201.0,,,,,,,,0.027898423373699188,,0.10300363600254059,,0.8440987467765808,,37782
37817,-111.43858044994496,12.350771727298927,,,-111.2449817362,,220.0,,,,,,,,0.028070980682969093,,0.11014245450496674,,0.8148238062858582,,37817
37820,-110.63462030580213,13.113827182053887,,,-78.85310400280729,,193.0,,,,,,,,0.009749066084623337,,0.037515219300985336,,0.8304507732391357,,37820
37837,,,-112.29356060480411,54.82812391468998,,-284.7617490886443,,480.0,-45.742312134305635,48.72646008829276,0.23095236344221803,,,,,0.028583621606230736,,0.088888980448246,,0.9417437314987183,37837
37874,,,-112.41138397071012,54.81420545184796,,-108.82203754278045,,275.0,1.7785402642596853,14.656572643410076,0.6855330352081763,,,,,0.013235777616500854,,0.042176518589258194,,0.8524308800697327,37874
37888,-110.7516657742423,13.195224973107322,,,-122.76742858018959,,183.0,,,,,,,,0.03030243329703808,,0.10475395619869232,,0.8172140717506409,,37888
37976,-111.0479389395179,13.08323387009935,,,-113.34000957337872,,198.0,,,,,,,,0.02101585455238819,,0.07500965148210526,,0.8256685137748718,,37976
37987,-111.39009269046406,13.10630786352842,,,-120.6559381932212,,220.0,,,,,,,,0.019153490662574768,,0.06062258407473564,,0.8485897779464722,,37987
37994,-111.91855186985056,13.123715813672046,,,-125.29782278200472,,186.0,,,,,,,,0.030854621902108192,,0.09361820667982101,,0.8128089904785156,,37994
38000,,,,,,,,,,,,76.7501449584961,75.39183044433594,1.9657690525054932,,,,,,,37994
38003,-112.59396298553304,13.779081859190562,,,-142.19371917849378,,232.0,,,,,,,,0.032740626484155655,,0.11461905390024185,,0.8103623986244202,,38003
38034,-112.73867036745558,13.693557766293937,,,-108.16564350075083,,179.0,,,,,,,,0.027821823954582214,,0.08649465441703796,,0.8351839780807495,,38034
38056,,,-112.43556048105958,54.807108354968975,,-96.93803014526114,,173.0,-15.69423593296481,21.035609874766685,0.9448519681802543,,,,,0.02501102164387703,,0.09939449280500412,,0.8225732445716858,38056
38099,,,-112.14861139259231,54.92350899916298,,-82.86229473822972,,165.0,24.983151863199293,25.483893209153955,0.8788828818714673,,,,,0.01962747424840927,,0.06962910294532776,,0.8745322227478027,38099
38108,-112.44541600159866,13.966950110196995,,,-92.36714866002801,,180.0,,,,,,,,0.013684378936886787,,0.042677395045757294,,0.856276273727417,,38108
38114,-112.79231155389843,13.906706008186468,,,-118.87089381807284,,215.0,,,,,,,,0.01902027241885662,,0.05592508614063263,,0.8525270819664001,,38114
38145,-113.18291246095642,13.624172274506895,,,-112.79566621281695,,222.0,,,,,,,,0.022159958258271217,,0.08091761916875839,,0.8069608211517334,,38145
38211,,,-112.39808341549524,54.84321624847803,,-100.84589809148767,,239.0,5.520151247040498,15.846485254654825,0.863718744137955,,,,,0.019843481481075287,,0.06215927004814148,,0.8275215029716492,38211
38227,-113.96031620759521,14.482780274804163,,,-148.528149996863,,217.0,,,,,,,,0.042007703334093094,,0.12386271357536316,,0.8070414662361145,,38227
38243,-114.30476220977849,14.548447669552598,,,-125.5110389978719,,191.0,,,,,,,,0.02980913035571575,,0.09223933517932892,,0.8192082643508911,,38243
38264,-115.13144248663193,14.902628754733435,,,-141.6940865729557,,227.0,,,,,,,,0.0298597514629364,,0.10274145752191544,,0.8285130858421326,,38264
38300,-114.9718667991977,14.890850460457226,,,-112.16179200116112,,197.0,,,,,,,,0.022276902571320534,,0.07695700973272324,,0.8375676870346069,,38300
38319,-114.77493734743068,15.025898294752864,,,-99.69219752628031,,207.0,,,,,,,,0.01569933257997036,,0.05354946479201317,,0.8353323936462402,,38319
38368,-114.8005493617094,15.02592884440198,,,-115.44596640915186,,237.0,,,,,,,,0.02616547793149948,,0.09696770459413528,,0.8028380274772644,,38368
38391,,,-112.7061067179753,54.793502104250884,,-111.40513982089126,,211.0,14.092524575678658,15.51183277255551,0.6729741608303003,,,,,0.02368158847093582,,0.09070317447185516,,0.8398714065551758,38391
38392,-115.21489051671956,15.035250309803896,,,-125.70439316488968,,225.0,,,,,,,,0.021669847890734673,,0.07571486383676529,,0.8484665155410767,,38392
38414,,,-112.73046554432936,54.79405774671027,,-114.57714256837039,,309.0,-70.1099391616278,70.1099391616278,0.8950644078975438,,,,,0.015529598109424114,,0.06354930996894836,,0.8853787183761597,38414
38440,-114.5379845669277,15.258936833693303,,,-92.94836565200374,,191.0,,,,,,,,0.014837636612355709,,0.05279485136270523,,0.8086814880371094,,38440
38500,,,,,,,,,,,,62.59376525878906,69.13007354736328,1.9767329692840576,,,,,,,38440
38510,-114.48506680681487,15.212377143069013,,,-126.59367430936696,,232.0,,,,,,,,0.026784034445881844,,0.08936022222042084,,0.8302667737007141,,38510
38544,,,-111.69551805825787,55.10924234330624,,-69.60423945555846,,236.0,-35.703297370066075,40.27520419227875,0.7946293468149405,,,,,0.007923797704279423,,0.0284059289842844,,0.8138548135757446,38544
38564,-115.12823257651618,15.719312193304491,,,-143.07577529381322,,228.0,,,,,,,,0.035862866789102554,,0.1207883283495903,,0.8324443101882935,,38564
38601,-115.46105845114893,15.53375399769434,,,-114.90313534545754,,205.0,,,,,,,,0.020795146003365517,,0.07388364523649216,,0.8581799864768982,,38601
38631,-114.71774181040978,15.246723703821887,,,-102.44939529979605,,178.0,,,,,,,,0.017017381265759468,,0.0673789232969284,,0.8628529906272888,,38631
38676,-114.73781255403726,15.218444921351182,,,-93.76751395998203,,480.0,,,,,,,,0.028358489274978638,,0.10135805606842041,,0.8595137596130371,,38676
38699,-115.28559242030458,15.058645843043971,,,-124.28996235247318,,218.0,,,,,,,,0.023235075175762177,,0.07325675338506699,,0.8224663138389587,,38699
38707,-115.14864908354873,14.99128087015007,,,-119.18459609665312,,184.0,,,,,,,,0.02732221595942974,,0.0938432365655899,,0.8202966451644897,,38707
38753,,,-111.94931726079369,54.92804622030491,,-78.88766422869759,,182.0,-29.933860850203168,30.249696723052434,0.9026949092255112,,,,,0.010073202662169933,,0.02892688289284706,,0.8929110169410706,38753
38757,-115.20875334617834,14.980439460651388,,,-113.97820754053907,,181.0,,,,,,,,0.02739376574754715,,0.09038924425840378,,0.8174614310264587,,38757
38778,-115.43928559391296,15.104148929129831,,,-129.15940337849307,,192.0,,,,,,,,0.03711393475532532,,0.11040946841239929,,0.793789803981781,,38778
38800,-115.62087771257686,15.11538981657637,,,-121.00520724349497,,179.0,,,,,,,,0.022242924198508263,,0.06929799169301987,,0.8576351404190063,,38800
38833,,,-111.41433048601694,55.03993848528784,,-86.80727500747759,,253.0,15.101459644764308,24.185231090298753,0.49815222707829765,,,,,0.009299885481595993,,0.035043030977249146,,0.9119905829429626,38833
38854,,,-119.70913231135526,84.03359374747966,,-565.990630911858,,480.0,9.59475633998712,68.07440574169159,-0.8291104127340293,,,,,0.02670765109360218,,0.08687815070152283,,0.9275201559066772,38854
38859,-115.83686409995761,15.096330521174725,,,-119.79554356903012,,182.0,,,,,,,,0.03237760439515114,,0.09765564650297165,,0.8164688348770142,,38859
38894,-115.07537505858673,15.258656790474259,,,-93.18351419136992,,182.0,,,,,,,,0.01649557612836361,,0.05401112139225006,,0.8935520052909851,,38894
38921,-115.27030531076946,15.282048883060341,,,-121.87857504698688,,187.0,,,,,,,,0.030455712229013443,,0.10309888422489166,,0.8466089963912964,,38921
38956,-114.85627258591789,15.077700114332325,,,-112.2046048470558,,208.0,,,,,,,,0.029964778572320938,,0.09506507217884064,,0.7987431883811951,,38956
38976,-114.58445800965075,14.921527626558513,,,-116.54310756501683,,164.0,,,,,,,,0.03261885792016983,,0.10106081515550613,,0.8216366171836853,,38976
38982,-114.41400242702004,15.142354210732334,,,-90.76383977012705,,180.0,,,,,,,,0.018277395516633987,,0.06464529782533646,,0.8158335089683533,,38982
39000,,,,,,,,,,,,85.08857727050781,81.88371276855469,1.9907971620559692,,,,,,,38982
39017,,,-117.87257956752788,83.9631696104946,,-76.0980249019772,,199.0,-6.032754374808403,16.183023784328345,0.9032209059126767,,,,,0.010208132676780224,,0.04498610273003578,,0.8364295959472656,39017
39057,-115.51973766434244,15.652068961764952,,,-149.7079590062846,,242.0,,,,,,,,0.02884252555668354,,0.10283709317445755,,0.8501037955284119,,39057
39078,,,-118.17502409676118,83.87087717229487,,-99.97722192701491,,248.0,-8.656505166282576,23.60526326707294,0.5236122097279892,,,,,0.016753215342760086,,0.06174459308385849,,0.8646722435951233,39078
39090,-115.46787022982522,15.687479259419318,,,-103.49924242098412,,214.0,,,,,,,,0.02079826593399048,,0.06627114117145538,,0.832550048828125,,39090
39102,-115.00573189907051,15.940120938657968,,,-95.03825809628479,,201.0,,,,,,,,0.020828228443861008,,0.06868179142475128,,0.8110005855560303,,39102
39174,-115.59663108980159,16.114396925202552,,,-134.80063737942078,,217.0,,,,,,,,0.02466551959514618,,0.07713960111141205,,0.8644993305206299,,39174
39234,,,-123.94857217985094,94.00405092346378,,-421.4949439121556,,480.0,-32.11107365799447,63.76983306991557,-0.589853247759591,,,,,0.04776778072118759,,0.14064235985279083,,0.8640865087509155,39234
39246,-115.02082776892964,15.400705467509741,,,-120.44467249815278,,206.0,,,,,,,,0.018017973750829697,,0.05571047589182854,,0.840899646282196,,39246
39258,-114.98656896868606,15.422848828020626,,,-104.18574299048963,,198.0,,,,,,,,0.013611982576549053,,0.045039694756269455,,0.9120702147483826,,39258
39307,-115.45648839767489,15.446539473325137,,,-127.74764325712555,,220.0,,,,,,,,0.023251058533787727,,0.08113744854927063,,0.8335543870925903,,39307
39312,-116.60428982173164,17.641891920532306,,,-176.36886377308645,,465.0,,,,,,,,0.05713498219847679,,0.1693728268146515,,0.7832375168800354,,39312
39318,,,-124.61117986615902,93.74304251023575,,-103.86725162507642,,177.0,9.500807404518127,19.114848964631893,0.7856381047014279,,,,,0.020597176626324654,,0.0782514289021492,,0.9014371037483215,39318
39396,-117.07794600805835,17.452689103663648,,,-121.67322576845686,,220.0,,,,,,,,0.022436395287513733,,0.06259685009717941,,0.8503691554069519,,39396
39397,-116.82768246377049,17.57659211937246,,,-102.02489957921937,,184.0,,,,,,,,0.014149701222777367,,0.04204748943448067,,0.8711079955101013,,39397
39422,,,-124.06714501384141,93.896747198364,,-84.23161124312962,,247.0,30.328106603641743,34.80343880971916,0.7247253133419468,,,,,0.011542731896042824,,0.04711011052131653,,0.9176822304725647,39421
39478,-116.74906797058723,17.550880200482663,,,-120.5674671384605,,190.0,,,,,,,,0.027332667261362076,,0.09668335318565369,,0.8505464792251587,,39478
39492,-113.28062179318667,30.363929658557755,,,60.199171799971054,,210.0,,,,,,,,0.04551210254430771,,0.12349654734134674,,0.8092894554138184,,39492
39495,-110.47732185871648,37.45827740344766,,,44.02279899526796,,207.0,,,,,,,,0.06408562511205673,,0.16702502965927124,,0.7641193270683289,,39495
39500,,,,,,,,,,,,81.32150268554688,99.25074768066406,2.0056235790252686,,,,,,,39495
39570,-110.68365334618792,37.45564336257236,,,-115.26059685371243,,210.0,,,,,,,,0.020599182695150375,,0.05934501066803932,,0.8509728312492371,,39570
39577,,,-124.43817865238834,93.78789860826845,,-105.99837216140516,,222.0,1.220852584183753,12.315987134570474,0.85208281093134,,,,,0.020397556945681572,,0.06594547629356384,,0.9015458226203918,39577
39582,-110.60841437266541,37.44852364292094,,,-112.3090782980346,,224.0,,,,,,,,0.014664008282124996,,0.04811057820916176,,0.8916918635368347,,39582
39601,-110.7390636082362,37.46190930836661,,,-117.77744351473899,,188.0,,,,,,,,0.032505784183740616,,0.10682318359613419,,0.7974847555160522,,39601
39630,,,-123.18053569497597,94.09526855805161,,-69.40880999652563,,184.0,38.63073449322711,38.63073449322711,0.6444493774017631,,,,,0.009582921862602234,,0.045063331723213196,,0.892699658870697,39630
39652,-111.927775791155,37.374148656141784,,,-138.28871314874766,,220.0,,,,,,,,0.03432322293519974,,0.10604008287191391,,0.8074519038200378,,39652
39712,-111.83110207181686,37.35223036528084,,,-117.93374261328279,,186.0,,,,,,,,0.025805138051509857,,0.07528223097324371,,0.863679051399231,,39712
39714,-111.69324729767077,37.35912587379857,,,-106.44727086607483,,197.0,,,,,,,,0.017178136855363846,,0.06265300512313843,,0.8530035018920898,,39714
39734,-108.25284694029507,43.74945911056095,,,51.364079675564795,,218.0,,,,,,,,0.05392463505268097,,0.1466677188873291,,0.7837929725646973,,39734
39759,,,-123.01010650732086,94.15956210090553,,-83.32550347430849,,186.0,-43.498250776721584,43.498250776721584,0.9633685298676498,,,,,0.012161556631326675,,0.038281697779893875,,0.8475011587142944,39759
39847,-107.76376328247376,43.69282861746778,,,-100.84363989093897,,199.0,,,,,,,,0.016260236501693726,,0.047454919666051865,,0.8421895503997803,,39847
39890,-107.17584639918721,43.422529114415525,,,-112.79787501416655,,195.0,,,,,,,,0.017636379227042198,,0.0612451396882534,,0.926166296005249,,39890
39896,-109.72413657964056,46.99740391242196,,,-235.58015252341949,,480.0,,,,,,,,0.05814024433493614,,0.15771529078483582,,0.7642955183982849,,39896
39923,-110.21942258250779,46.94233410448898,,,-117.13144880338905,,209.0,,,,,,,,0.026731032878160477,,0.0842353105545044,,0.848075807094574,,39923
39927,,,-124.15087076507382,93.87308951513018,,-128.4898967779607,,210.0,-22.90514076749484,23.299232026225045,0.9663980680495896,,,,,0.02647997811436653,,0.08332636952400208,,0.8389171361923218,39927
39956,-109.92528518648953,46.933278303509134,,,-104.16402401715823,,187.0,,,,,,,,0.020290758460760117,,0.07033710181713104,,0.8311843872070312,,39956
39981,-109.97824912665014,46.937981629607634,,,-115.44386322084878,,162.0,,,,,,,,0.02563757263123989,,0.08171680569648743,,0.8540668487548828,,39981
40000,,,,,,,,,,,,75.8387680053711,82.55856323242188,1.9876832962036133,,,,,,,39981
40003,,,-121.62932076523913,93.64172671376751,,-68.45398168421661,,158.0,5.5530066392089745,12.067560699167132,0.9163434262944553,,,,,0.008064527995884418,,0.027789104729890823,,0.8189262747764587,40003
40039,-109.31904479583937,46.62233974595942,,,-115.56793345632495,,191.0,,,,,,,,0.021712927147746086,,0.08512575179338455,,0.8353317975997925,,40039
40054,-109.1904325880229,46.58635101659165,,,-119.08042860704796,,198.0,,,,,,,,0.02426726184785366,,0.0778753012418747,,0.8507015109062195,,40054
40086,-108.73542886361138,46.37729967207042,,,-118.9439003523793,,200.0,,,,,,,,0.022804051637649536,,0.06860100477933884,,0.8250900506973267,,40086
40124,,,-124.75100982734071,95.35587659788972,,-253.12260470653592,,355.0,-24.871141103119918,31.001361339360894,0.6071276860764877,,,,,0.019521798938512802,,0.07489427179098129,,0.9722528457641602,40124
40137,-108.60210167116571,46.376840135893175,,,-105.49543237887733,,183.0,,,,,,,,0.02052231878042221,,0.0775819718837738,,0.8418104648590088,,40137
40169,-108.98097232576124,46.37988253792208,,,-118.63573025605837,,202.0,,,,,,,,0.026359179988503456,,0.09207416325807571,,0.846992552280426,,40169
40205,-109.24674170119265,46.45418101523062,,,-128.73443518072156,,224.0,,,,,,,,0.022802945226430893,,0.07268651574850082,,0.8122413754463196,,40205
40211,,,-125.31762511689334,95.17971720449975,,-109.5811602518885,,180.0,-16.928146496084,16.95907809999254,0.9133550880458879,,,,,0.021599747240543365,,0.06821897625923157,,0.8459775447845459,40211
40277,-108.26537382399809,46.61416067509762,,,-76.63599930516234,,307.0,,,,,,,,0.08625545352697372,,0.2169225960969925,,0.7174013257026672,,40277
40285,-108.96235582549554,46.64045485443551,,,-127.79746572687583,,230.0,,,,,,,,0.02411840297281742,,0.08214527368545532,,0.8521400094032288,,40285
40295,-108.76349173437548,46.586021038372266,,,-116.65046975336412,,209.0,,,,,,,,0.022011058405041695,,0.06305855512619019,,0.8177034854888916,,40295
40336,,,-125.83222725274607,94.99600159349772,,-104.49312438704668,,200.0,32.381919293105604,33.91787983387709,0.7932036158732,,,,,0.026213927194476128,,0.09321078658103943,,0.8511613607406616,40336
40365,-107.71134735981255,46.39286351798107,,,-90.46855656566616,,218.0,,,,,,,,0.012135470286011696,,0.03857387602329254,,0.7939461469650269,,40365
40405,,,-125.98744975134768,94.92076185308825,,-83.76199622597731,,263.0,5.729742841802169,18.23436708164759,0.837329467048152,,,,,0.008020573295652866,,0.030943984165787697,,0.8583074808120728,40402
40429,-108.04093744107881,46.50119698279907,,,-131.38263940876982,,212.0,,,,,,,,0.02207181602716446,,0.074095219373703,,0.8755944967269897,,40429
40430,-108.25027110932604,46.49911325419361,,,-112.91607871215737,,215.0,,,,,,,,0.024729955941438675,,0.08044493198394775,,0.839046835899353,,40430
40465,-109.0632239321505,46.594030294957534,,,-134.4151551012069,,204.0,,,,,,,,0.02921886555850506,,0.09051160514354706,,0.8686468601226807,,40465
40500,,,,,,,,,,,,82.88802337646484,80.5260238647461,2.010847806930542,,,,,,,40465
40522,-109.28368662354933,46.691531359667366,,,-135.31309692241285,,229.0,,,,,,,,0.026453932747244835,,0.08995401114225388,,0.8291645646095276,,40522
40544,,,-125.74352050070001,95.03844500976905,,-73.94454287940736,,204.0,38.33495792717326,44.31602543504799,0.30158153287064754,,,,,0.011549481190741062,,0.06591307371854782,,0.8918618559837341,40544
40558,-109.0223680413696,46.671946607436745,,,-106.11866698766686,,182.0,,,,,,,,0.021493759006261826,,0.07087784260511398,,0.8548671007156372,,40558
40559,-108.68738656766853,46.69527586478247,,,-97.22913385548587,,199.0,,,,,,,,0.0157774630934,,0.04641677439212799,,0.8467355966567993,,40559
40603,-108.49831245107802,46.631095131447736,,,-119.70569754896641,,192.0,,,,,,,,0.02581631764769554,,0.07559484243392944,,0.7767598032951355,,40603
40615,-108.2021366208585,46.597734271730516,,,-106.19641573251924,,176.0,,,,,,,,0.022505013272166252,,0.06736525893211365,,0.7874637246131897,,40615
40660,-108.23982923324962,46.607857993754706,-125.63909178609985,95.06794289852822,-121.68017418858709,-96.23099473318035,178.0,150.0,11.009180154403051,15.789183155298232,0.922312079594153,,,,0.02435547299683094,0.030893094837665558,0.07532588392496109,0.1119295284152031,0.8883347511291504,0.8299331665039062,40660
40661,-108.37643637460167,46.57352510272355,-126.18775477844677,94.87051069067847,-100.01387125897202,-105.45604361364808,176.0,209.0,40.67049959743993,41.7110921378341,0.7996291303679393,,,,0.020437901839613914,0.022908715531229973,0.06403740495443344,0.06736752390861511,0.8191087245941162,0.8475524187088013,40661
40772,-108.33513998984867,46.562448664617115,,,-119.81375580933644,,202.0,,,,,,,,0.026245804503560066,,0.08813633024692535,,0.8193215131759644,,40772
40778,-108.1440067137374,46.56578704572497,,,-102.64794104149325,,214.0,,,,,,,,0.017358887940645218,,0.07069213688373566,,0.8701714277267456,,40778
40815,-107.97934410761353,46.550349756325026,,,-108.30997725882338,,176.0,,,,,,,,0.0290229469537735,,0.08515289425849915,,0.8003082275390625,,40815
40849,-108.26235400514302,46.48779820234694,,,-104.91433464660294,,194.0,,,,,,,,0.017298879101872444,,0.057221412658691406,,0.8344075679779053,,40849
40876,-105.20106817692381,48.64734083605121,,,3.3563324046766727,,328.0,,,,,,,,0.0385819673538208,,0.11377818137407303,,0.8515138626098633,,40876
40894,,,-126.55714247183042,94.83285901115414,,-125.93891079310696,,273.0,18.20800055710824,19.522493617656902,0.7768052187091677,,,,,0.01886788383126259,,0.06442946195602417,,0.8492668271064758,40894
40918,-105.47535234175679,48.67562594417708,,,-117.21345066263267,,171.0,,,,,,,,0.025188900530338287,,0.07916135340929031,,0.839787483215332,,40918
40960,-105.76225171271103,48.65553432769859,,,-109.38322664399777,,200.0,,,,,,,,0.021439889445900917,,0.07387585192918777,,0.8542757034301758,,40960
40987,,,-126.28866454698571,94.93590703266386,,-83.29214014217956,,211.0,4.024904744884979,15.15188448237017,0.8178985635803431,,,,,0.016137974336743355,,0.06151732802391052,,0.8652546405792236,40987
40988,,,-126.79167292216965,94.71201675248786,,-96.90899658471616,,171.0,-19.119751596311378,22.8866939481936,0.978173883186869,,,,,0.0201104786247015,,0.05948251485824585,,0.8422924876213074,40987
41000,,,,,,,,,,,,89.01026153564453,105.38388061523438,2.02079701423645,,,,,,,40987
41054,-105.21110189347284,48.47923842977087,,,-107.24314641751104,,204.0,,,,,,,,0.021485932171344757,,0.07371106743812561,,0.8117315173149109,,41054
41076,-106.39798274580887,49.552225449336106,,,-179.78871511495453,,480.0,,,,,,,,0.05571160838007927,,0.14642921090126038,,0.8006882071495056,,41076
41097,-106.74105589418794,49.59508430215617,,,-121.33940040944223,,203.0,,,,,,,,0.020131638273596764,,0.07772023975849152,,0.848015308380127,,41097
41159,-106.31433845366598,49.50421127014332,,,-106.41177123102712,,175.0,,,,,,,,0.02059752866625786,,0.06748691946268082,,0.8929288983345032,,41159
41162,-105.20425890752648,48.53366146783993,,,-120.86488646611049,,203.0,,,,,,,,0.026901308447122574,,0.08614854514598846,,0.8293680548667908,,41162
41192,-105.01672223946473,48.4877567559417,,,-112.29639236536947,,206.0,,,,,,,,0.017141904681921005,,0.0583677813410759,,0.8602504134178162,,41192
41225,-105.42737167702283,48.547588917532636,,,-122.55737145712567,,194.0,,,,,,,,0.026547396555542946,,0.0881204605102539,,0.8291383981704712,,41225
41252,,,-125.98797689244289,94.60049120934785,,-119.43247740113108,,226.0,-10.065836898257247,27.549238373484233,0.8232276534101385,,,,,0.02657954767346382,,0.09190162271261215,,0.8718421459197998,41252
41262,-105.42122122035424,48.545689883668295,,,-120.25994430503081,,219.0,,,,,,,,0.02154865674674511,,0.06782880425453186,,0.8394286632537842,,41262
41301,-109.61054668838432,42.76658147722446,-125.1807929992329,94.94875354201983,-149.2671016015316,-64.51394310752725,246.0,126.0,5.60631392210249,12.5614920769419,0.8350049633277841,,,,0.031079402193427086,0.006564467214047909,0.1173325628042221,0.02146563120186329,0.8213362693786621,0.8351110219955444,41301
41326,-113.07715301076274,36.77850522548777,,,-129.3075171236546,,235.0,,,,,,,,0.02749580889940262,,0.08486153185367584,,0.839142918586731,,41326
41364,,,-124.73108442454745,95.11566254013663,,-78.44209204744769,,206.0,4.796252739371606,7.657356056484204,0.8416334304525801,,,,,0.011676679365336895,,0.04201187565922737,,0.8272824883460999,41364
41397,-113.04459547995675,36.777278463593085,,,-113.63272031341309,,214.0,,,,,,,,0.017195677384734154,,0.05450395494699478,,0.857512891292572,,41397
41418,-112.6864126829935,36.869791988530665,,,-94.39993844987121,,186.0,,,,,,,,0.015478438697755337,,0.055037036538124084,,0.8659540414810181,,41418
41468,-112.52215434434254,36.86503942807651,,,-109.56452658219139,,189.0,,,,,,,,0.019778603687882423,,0.05651909112930298,,0.8417195081710815,,41468
41499,-112.17810688329192,36.70287942215998,,,-121.08634009621609,,212.0,,,,,,,,0.0248474832624197,,0.09379518777132034,,0.7987785339355469,,41499
41500,,,,,,,,,,,,75.50532531738281,84.96239471435547,2.021071434020996,,,,,,,41499
41510,-111.73754828293511,36.76330331148095,,,-95.90581259544358,,190.0,,,,,,,,0.01863754354417324,,0.07018119096755981,,0.8205579519271851,,41510
41532,-111.60566883980802,36.79385879790062,,,-99.85329870971988,,216.0,,,,,,,,0.01666167564690113,,0.05831713601946831,,0.8056510090827942,,41532
41552,-115.04054557588624,28.50169435192269,,,-120.37975712834577,,188.0,,,,,,,,0.02107655256986618,,0.06376192718744278,,0.8885172605514526,,41552
41562,,,-125.04505877677536,95.07775340661497,,-121.25549318935398,,238.0,-1.115764723855908,9.034793379176564,0.9605169323620715,,,,,0.022186750546097755,,0.07811925560235977,,0.8406919240951538,41562
41577,,,-124.81041056752875,95.17215950738027,,-80.78987054614299,,202.0,-37.99858730972403,37.99858730972403,0.9401272017876205,,,,,0.008829916827380657,,0.028217941522598267,,0.8644799590110779,41577
41605,-115.29065683845855,28.430796602611533,,,-113.34920301955351,,173.0,,,,,,,,0.029278811067342758,,0.10231190174818039,,0.8289934396743774,,41605
41629,-115.39339330611327,28.430884273410612,,,-117.93469839690378,,204.0,,,,,,,,0.029324926435947418,,0.09424367547035217,,0.8221037983894348,,41629
41685,-112.73739911138335,22.705626263075047,,,-102.78044278692408,,168.0,,,,,,,,0.031137557700276375,,0.10165514051914215,,0.7860325574874878,,41685
41693,-112.52868556029573,22.712238430913594,,,-106.69577124900671,,184.0,,,,,,,,0.027144478633999825,,0.09471540153026581,,0.8193524479866028,,41693
41711,,,-134.08132068161314,112.065014185151,,-550.0257267292674,,480.0,32.58764154488842,55.62796985978881,-0.1498031620425408,,,,,0.029257068410515785,,0.10250929743051529,,0.9608842134475708,41711
41752,-112.89197286190326,22.720808291363447,,,-122.32838909753576,,213.0,,,,,,,,0.024139899760484695,,0.07823298126459122,,0.825297474861145,,41752
41776,-112.83016407875283,22.71798553779148,,,-112.35342406332688,,178.0,,,,,,,,0.020469557493925095,,0.06780633330345154,,0.8464577794075012,,41776
41792,-113.35978231332828,23.081401393968658,,,-142.04884518509786,,204.0,,,,,,,,0.03190583363175392,,0.09958188980817795,,0.8396269679069519,,41792
41813,-113.1181185118407,23.083496535477636,,,-106.99723853266936,,196.0,,,,,,,,0.023050587624311447,,0.06882687658071518,,0.8095908164978027,,41813
41838,-113.29715059717223,23.16256436446392,,,-127.89550461895537,,170.0,,,,,,,,0.03268987312912941,,0.10539508610963821,,0.8273951411247253,,41838
41842,,,-133.46261345790916,112.14446902082868,,-103.9077132976371,,232.0,18.14840859714253,28.50826247319065,0.6875332975769812,,,,,0.02045469917356968,,0.08231601864099503,,0.8718276619911194,41842
41882,,,-134.61631296623466,111.76349299029685,,-125.91237350603399,,197.0,-10.931895098710424,12.828117929739395,0.9462280901667789,,,,,0.03332221135497093,,0.11002879589796066,,0.8528988361358643,41881
41933,-113.41908633005716,23.13720638506883,,,-111.59221902312287,,198.0,,,,,,,,0.026464153081178665,,0.08205931633710861,,0.8035233616828918,,41933
41943,-113.19590713808695,23.13962975476407,,,-107.4767706575481,,222.0,,,,,,,,0.018282780423760414,,0.05451267212629318,,0.7905992865562439,,41943
41972,-112.97424474332428,23.04260026904238,,,-117.65131544258747,,224.0,,,,,,,,0.021221548318862915,,0.07161219418048859,,0.829878568649292,,41972
41986,,,-134.3873939808845,111.85299530000661,,-85.06430409505438,,146.0,-1.8262199085869202,17.485600082433386,0.9730467232787259,,,,,0.020238319411873817,,0.07286253571510315,,0.7850900888442993,41986
42000,,,,,,,,,,,,79.27654266357422,60.001895904541016,2.0216598510742188,,,,,,,41986
42010,-113.73540425796233,22.450653691314432,,,-114.69397503706617,,185.0,,,,,,,,0.021040577441453934,,0.06982622295618057,,0.8718855381011963,,42010
42063,-113.97205780850571,22.65903274552423,,,-139.63014325404387,,256.0,,,,,,,,0.01960596814751625,,0.063829705119133,,0.8974774479866028,,42063
42078,-114.20345589214934,22.744120829959996,,,-128.22037393554672,,216.0,,,,,,,,0.02550463192164898,,0.08492740988731384,,0.8412843346595764,,42078
42107,-115.02990284261112,22.617061602394156,,,-131.7909040887545,,227.0,,,,,,,,0.02753351628780365,,0.0876404419541359,,0.8254446983337402,,42107
42124,,,-134.44854627260622,111.82730126168794,,-88.95548772994078,,191.0,33.14302499631312,33.30456855783912,0.7413461829916593,,,,,0.01705298200249672,,0.06202062591910362,,0.8177198767662048,42124
42145,-115.01840203680413,22.608888017533012,,,-130.80759911842034,,191.0,,,,,,,,0.029440658167004585,,0.10077154636383057,,0.8205035924911499,,42145
42195,,,-133.79064513316288,111.87170253327814,,-110.12342531114504,,229.0,-57.24534577677864,57.24534577677864,0.8795476428630687,,,,,0.022774694487452507,,0.0765431821346283,,0.8571873307228088,42195
42219,-114.54772473044588,22.890962591331487,,,-89.38221339424507,,180.0,,,,,,,,0.016775401309132576,,0.05074591562151909,,0.8043650984764099,,42219
42235,-114.58088639496465,22.92090154385377,,,-136.07323832714644,,262.0,,,,,,,,0.026146555319428444,,0.08488309383392334,,0.8377590179443359,,42235
42252,-113.92504086372793,22.78705788403107,,,-102.52082036057588,,188.0,,,,,,,,0.018648197874426842,,0.06270436197519302,,0.8398512601852417,,42252
42276,-114.36909202286124,22.846860581665286,,,-128.32122494433253,,209.0,,,,,,,,0.023705216124653816,,0.07407887279987335,,0.8431113362312317,,42276
42318,,,-133.18562862095226,112.04045029931501,,-87.13657171361233,,246.0,23.37430704269952,27.524591709055553,0.7813875958997349,,,,,0.009983624331653118,,0.02984788455069065,,0.9158135652542114,42318
42358,-114.89776411101542,22.74975644156393,,,-123.66273826319495,,171.0,,,,,,,,0.03269428387284279,,0.12361904978752136,,0.8297215104103088,,42358
42375,-114.97123507863166,22.771087070347825,,,-123.37924592977863,,230.0,,,,,,,,0.02073722705245018,,0.07181286066770554,,0.8700893521308899,,42375
42408,-115.06587340349031,22.74423887870785,,,-110.9283319754511,,199.0,,,,,,,,0.025483665987849236,,0.0933186411857605,,0.820431113243103,,42408
42426,-114.99599786015507,22.729172739800863,,,-118.18639702182587,,230.0,,,,,,,,0.023852864280343056,,0.08718688786029816,,0.8431739211082458,,42426
42480,-114.98228117118107,22.738415138427857,,,-99.32803681027278,,246.0,,,,,,,,0.010797465220093727,,0.03652641177177429,,0.9139519333839417,,42480
42484,-114.88109441502205,22.72794446791798,,,-114.75441800138489,,180.0,,,,,,,,0.022060256451368332,,0.07898148894309998,,0.8530914783477783,,42484
42486,,,-132.64011788988648,112.24037621602557,,-78.17641774115145,,160.0,-5.228810322284699,11.753113901615142,0.8692667463922312,,,,,0.012305541895329952,,0.03588450327515602,,0.8117870688438416,42486
42500,,,,,,,,,,,,60.20576095581055,65.30999755859375,2.034851312637329,,,,,,,42486
42553,,,-126.10065636484478,106.13415237366746,,-67.83748447512313,,187.0,11.879085555433589,22.158224191895144,0.5498994573515588,,,,,0.005065918434411287,,0.014975225552916527,,0.834410548210144,42553
42557,-115.36597161395986,22.720398201997593,,,-126.89180098838263,,203.0,,,,,,,,0.026758452877402306,,0.08614913374185562,,0.8611167669296265,,42557
42571,-115.74476950897854,22.757456080537978,,,-127.24987200975679,,215.0,,,,,,,,0.027891669422388077,,0.09917093813419342,,0.8128450512886047,,42571
42590,-115.66553982036125,22.801876700294816,,,-100.9528502157389,,174.0,,,,,,,,0.022878658026456833,,0.07850860804319382,,0.8169594407081604,,42590
42613,-118.46398006737216,15.41124618665245,,,-136.56567994586956,,213.0,,,,,,,,0.03734251856803894,,0.1215556189417839,,0.8030455708503723,,42613
42636,,,-127.54028931955918,105.94398369353743,,-148.80403913504432,,241.0,13.311103357071698,35.517698022092524,0.7968623548235128,,,,,0.033408354967832565,,0.11766820400953293,,0.8868182301521301,42636
42688,-118.0710927821667,15.686070373306867,,,-97.56908640235883,,198.0,,,,,,,,0.017589114606380463,,0.07160834968090057,,0.8225115537643433,,42688
42728,-118.1122522036791,15.66590691496887,,,-111.44119771961822,,209.0,,,,,,,,0.018500925973057747,,0.06471627205610275,,0.8568258881568909,,42728
42744,-118.88229244586937,16.054173243102724,,,-145.74515852702547,,264.0,,,,,,,,0.02043421007692814,,0.06371535360813141,,0.8754999041557312,,42744
42757,,,-127.2636546512886,105.93952716138115,,-122.19280691047648,,256.0,7.433304402977228,24.226502273231745,0.7193619907198189,,,,,0.024318519979715347,,0.07926204055547714,,0.8282185196876526,42756
42773,-117.53329612096141,13.512259654770045,,,-112.33889886955492,,194.0,,,,,,,,0.017298797145485878,,0.05409957468509674,,0.8826552033424377,,42773
42895,,,-128.12230443581853,105.70604037905188,,-120.38355598009643,,244.0,-2.0765880602793616,18.62315699287125,0.7736737203974887,,,,,0.022988539189100266,,0.09166830033063889,,0.8923875689506531,42895
42902,-119.81116069463842,21.311157289256975,,,-235.23262909329242,,480.0,,,,,,,,0.05059685930609703,,0.15288983285427094,,0.7979080677032471,,42902
42905,-120.02357900506018,21.2293153223999,,,-117.03268675211606,,232.0,,,,,,,,0.024467190727591515,,0.08861131966114044,,0.8558634519577026,,42905
42910,-119.85096718830107,21.2568421211673,,,-112.23429562815546,,197.0,,,,,,,,0.02464308775961399,,0.07977479696273804,,0.8486889600753784,,42910
42992,-119.87216686018797,21.24982470110206,,,-113.35637595971477,,219.0,,,,,,,,0.025265773758292198,,0.10240001976490021,,0.8270682096481323,,42992
43000,,,,,,,,,,,,60.188236236572266,63.12331008911133,2.035071611404419,,,,,,,42992
43003,-120.43340242137702,21.67956173097885,,,-150.61914951657792,,230.0,,,,,,,,0.030896993353962898,,0.10279782861471176,,0.8614344596862793,,43003
43049,-120.3362174893717,21.6910099469168,-128.38940291347853,105.60315070124919,-115.40069770476492,-94.233842565092,210.0,205.0,48.23253484484626,48.573873472359125,0.6874198839517368,,,,0.024589622393250465,0.018635094165802002,0.0831701010465622,0.07021840661764145,0.8316017985343933,0.878662645816803,43049
43051,,,-128.35425117384085,105.61398372633228,,-94.94669959005061,,166.0,-27.797076557056013,28.630527744810266,0.9852145423282838,,,,,0.023199131712317467,,0.06500842422246933,,0.8130967020988464,43051
43063,-120.01775526390762,21.37855505647115,,,-133.34399032832613,,234.0,,,,,,,,0.02400870993733406,,0.08101397007703781,,0.8093844652175903,,43063
43173,-119.50657206101718,21.455749367906183,,,-103.74835697913394,,230.0,,,,,,,,0.014904105104506016,,0.052864737808704376,,0.8488683104515076,,43173
43176,-120.16154466939493,21.764081044377534,,,-146.38135073229986,,235.0,,,,,,,,0.0332590714097023,,0.09810652583837509,,0.830783486366272,,43176
43202,-120.4100113904173,21.538302391699524,,,-106.82327450098937,,177.0,,,,,,,,0.020406901836395264,,0.06931871175765991,,0.8810455203056335,,43202
43238,-120.42066820232029,21.533064764390836,-123.97033289955439,103.56001358730714,-110.09736717734087,-65.56583537432239,184.0,154.0,-1.7643925156686213,12.813667560165579,0.8048457629993032,,,,0.022304803133010864,0.009769674390554428,0.07755690068006516,0.04014277458190918,0.8297616243362427,0.8063013553619385,43238
43248,-120.53653513140907,21.551913348500403,,,-126.87968655065535,,226.0,,,,,,,,0.019524315372109413,,0.06419411301612854,,0.861303985118866,,43248
43316,-120.75134809345569,21.35799751557179,,,-106.64646069777403,,169.0,,,,,,,,0.02427903190255165,,0.0810655727982521,,0.8494745492935181,,43316
43323,-121.18573311331961,21.148387305193154,,,-121.57254970291723,,194.0,,,,,,,,0.02582458220422268,,0.09684528410434723,,0.8358449935913086,,43323
43341,-121.24017026400412,21.149745679405427,,,-123.10161466257087,,208.0,,,,,,,,0.02576254867017269,,0.08071067184209824,,0.836154043674469,,43341
43376,-121.02456641198899,21.28361233909251,,,-102.56901041879615,,214.0,,,,,,,,0.022250540554523468,,0.0714619904756546,,0.7906527519226074,,43376
43393,,,-125.28010777173657,103.77405601376499,,-174.31078115188834,,221.0,-39.27952038702382,39.27952038702382,0.9783129630678729,,,,,0.031292833387851715,,0.09386458992958069,,0.8731791973114014,43393
43434,-120.54299215730772,21.617861373166534,,,-93.85598566284108,,165.0,,,,,,,,0.023332607001066208,,0.08099997043609619,,0.7997614145278931,,43434
43443,-120.73902414772064,21.500020303610746,,,-112.58204230757154,,186.0,,,,,,,,0.020788880065083504,,0.07080893218517303,,0.8370648622512817,,43443
43459,-121.46645925428282,21.627498528416524,,,-143.0675265771141,,223.0,,,,,,,,0.027714058756828308,,0.08844411373138428,,0.8294737935066223,,43459
43492,-121.35451894147656,21.637230050356365,,,-116.73137345722253,,194.0,,,,,,,,0.021741965785622597,,0.0742698609828949,,0.8603147864341736,,43492
43499,,,-126.63868750472167,103.83874981283726,,-164.86701679451775,,302.0,-16.64514734689763,25.409385619968766,0.8500171601853669,,,,,0.026560155674815178,,0.08053015917539597,,0.8418809771537781,43499
43500,,,,,,,,,,,,79.29143524169922,81.55245208740234,2.040160894393921,,,,,,,43499
43506,,,-139.60886920901987,133.75337559963052,,-731.3713799531396,,480.0,37.24957326923808,50.043557176242274,0.13909086373097573,,,,,0.019247202202677727,,0.08166874200105667,,0.9572392702102661,43505
43554,,,-139.20391402787968,133.90069253933896,,-80.59813903447552,,242.0,-66.34076508756512,66.34076508756512,0.904906174240116,,,,,0.012444153428077698,,0.04096480458974838,,0.7962273955345154,43554
43588,-121.29385550647703,21.666613059846856,,,-109.32025231334984,,226.0,,,,,,,,0.02013237401843071,,0.06754120439291,,0.8379101753234863,,43588
43599,-120.86646066398126,21.462796220761696,,,-120.6791030603097,,221.0,,,,,,,,0.02236548811197281,,0.07462644577026367,,0.8213399052619934,,43599
43640,-121.02082287822358,21.390124144193983,,,-114.71534924478638,,179.0,,,,,,,,0.023054998368024826,,0.07151932269334793,,0.8567843437194824,,43640
43653,,,-138.86551195533102,133.99186941862945,,-94.48503619345966,,149.0,47.18094250499802,48.07491972782468,0.34065006996693137,,,,,0.01985197700560093,,0.07939080893993378,,0.9131948351860046,43653
43678,-120.91047482635227,21.36859502551392,,,-122.37810202538962,,182.0,,,,,,,,0.021122118458151817,,0.06674627959728241,,0.8936214447021484,,43678
43733,-118.78780413419422,26.776049799317082,,,-5.458684415218936,,272.0,,,,,,,,0.05159733071923256,,0.1518906056880951,,0.8522250652313232,,43733
43774,-118.67760232950486,26.833652619605225,,,-101.96668042308144,,178.0,,,,,,,,0.021957995370030403,,0.07596583664417267,,0.8357003927230835,,43774
43777,-118.57635179146088,26.846881923416685,,,-112.58878854038893,,226.0,,,,,,,,0.01934933103621006,,0.065951406955719,,0.8331078886985779,,43777
43815,-118.57776153525903,26.846679870670705,,,-114.76446222697344,,206.0,,,,,,,,0.027377305552363396,,0.08986032009124756,,0.818756103515625,,43815
43845,-117.91307868897958,26.728379432644967,,,-106.39600094007118,,189.0,,,,,,,,0.02002359740436077,,0.07230626046657562,,0.8496965169906616,,43845
43861,,,-138.35639954321297,134.13147530654214,,-89.12152196246782,,201.0,25.714049527894204,26.14848266312139,0.6228325701294674,,,,,0.01648050732910633,,0.06102282553911209,,0.8496334552764893,43861
43900,-117.98755087660092,26.762160599923668,,,-131.9439833166139,,220.0,,,,,,,,0.02970522828400135,,0.09047366678714752,,0.7822165489196777,,43900
43949,-117.35824048893727,26.800104467914995,,,-100.3253847055713,,168.0,,,,,,,,0.021279379725456238,,0.06680150330066681,,0.8481617569923401,,43949
43959,-117.23902291985021,26.753228373752492,,,-124.84672066406775,,229.0,,,,,,,,0.022879989817738533,,0.07032881677150726,,0.8563386797904968,,43959
43987,-117.74665815045975,26.45902521642562,,,-114.76397492472074,,220.0,,,,,,,,0.021387962624430656,,0.0761556625366211,,0.847165048122406,,43987
44000,,,,,,,,,,,,66.75533294677734,63.250980377197266,2.0530874729156494,,,,,,,43987
44018,-117.04894485843256,26.426501968398927,,,-101.18757372578824,,200.0,,,,,,,,0.01930820196866989,,0.06400097906589508,,0.83217453956604,,44018
44056,,,-139.23669122649164,133.82144640295573,,-113.61882361949242,,262.0,-0.2227152913581324,19.408031215194526,0.6471015194812396,,,,,0.020851142704486847,,0.09059642255306244,,0.8834061026573181,44056
44078,-114.46677489405424,33.1677654393835,,,26.587677858340495,,334.0,,,,,,,,0.05613399296998978,,0.17102958261966705,,0.7695475220680237,,44078
44090,-114.03081815314044,33.12602659808868,,,-106.52338789864321,,204.0,,,,,,,,0.021451663225889206,,0.07398334890604019,,0.8218668699264526,,44090
44109,-113.68980431157529,33.11287715658871,,,-106.61204618493639,,207.0,,,,,,,,0.02168494090437889,,0.0719478502869606,,0.8485378623008728,,44109
44139,,,-140.16602528903616,133.5602116377055,,-125.3543673559233,,264.0,-26.584890869982313,28.51817849323605,0.8631174311529909,,,,,0.018267344683408737,,0.05477668717503548,,0.8122830986976624,44139
44153,-113.45797925586214,33.084792924661926,,,-111.78799314412089,,206.0,,,,,,,,0.019346894696354866,,0.06941157579421997,,0.8176506161689758,,44153
44198,-113.46872553387512,33.0840567785138,,,-111.46564587610017,,177.0,,,,,,,,0.03498927131295204,,0.11516714096069336,,0.7827367782592773,,44198
44206,,,-140.66040696536638,133.40744808570165,,-111.52635882398847,,271.0,-7.919732412069046,10.328866439771828,0.7999039278306749,,,,,0.015520925633609295,,0.05536511912941933,,0.9097089171409607,44206
44208,-113.14238152881465,33.1163730710408,,,-101.86919676880336,,167.0,,,,,,,,0.024466436356306076,,0.09426224231719971,,0.8122388124465942,,44208
44273,,,-143.01199111305723,142.17245716059975,,-70.22476932690303,,174.0,-30.501904934987255,32.61330215615788,0.8931376582489252,,,,,0.006078732665628195,,0.02197970263659954,,0.8901023864746094,44273
44343,-112.97470302198198,33.20699611184273,,,-90.94411146863897,,182.0,,,,,,,,0.01477962825447321,,0.050286173820495605,,0.799238920211792,,44343
44356,-116.660722198198,42.20870584204954,,,-299.055376812185,,480.0,,,,,,,,0.050042685121297836,,0.1408039927482605,,0.8523178696632385,,44356
44381,-116.5477365118621,42.18872409119596,,,-121.24251667158843,,196.0,,,,,,,,0.026428716257214546,,0.0865882858633995,,0.8242699503898621,,44381
44453,-116.17724815751995,42.17444992789343,,,-108.72545429264925,,186.0,,,,,,,,0.029987799003720284,,0.11114782094955444,,0.8040148019790649,,44453
44457,-116.60479264106404,42.12627365427487,,,-122.33007439294386,,194.0,,,,,,,,0.025631267577409744,,0.08923167735338211,,0.8661720156669617,,44457
44467,-115.99885576833111,42.052629786103594,,,-106.26883630922235,,174.0,,,,,,,,0.019050324335694313,,0.06301020085811615,,0.8550660014152527,,44467
44495,-116.33146961668847,41.97123593051096,,,-114.19977882022833,,181.0,,,,,,,,0.02479098178446293,,0.07235521078109741,,0.8612673878669739,,44495
44500,,,,,,,,,,,,82.26942443847656,68.75382995605469,2.0525448322296143,,,,,,,44495
44535,,,-142.83644872465274,142.2308910497065,,-91.20010250679111,,188.0,-50.90040120545854,50.91539107865476,0.86314279768101,,,,,0.026961306110024452,,0.1063324362039566,,0.8222625851631165,44535
44557,-116.20584948355732,41.99507732130845,,,-105.16019106305966,,217.0,,,,,,,,0.018278591334819794,,0.06215094029903412,,0.8772678375244141,,44557
44588,-115.91545282218821,41.83972354829452,,,-131.22532545857123,,204.0,,,,,,,,0.03096514753997326,,0.10569658130407333,,0.8398683071136475,,44588
44612,-116.40278275035882,41.9370191539848,,,-136.705395278084,,200.0,,,,,,,,0.027491923421621323,,0.08457522094249725,,0.8706124424934387,,44612
44626,-113.99552188248684,38.34781658532749,,,-114.86958569969362,,197.0,,,,,,,,0.021417580544948578,,0.0633229911327362,,0.8302251100540161,,44626
44630,,,-136.34274686151537,136.66314799724017,,-96.80985075528547,,187.0,13.224561066551004,13.793193508596982,0.9168907461638026,,,,,0.02608327940106392,,0.07951970398426056,,0.810748815536499,44630
44701,-113.95868718139268,38.34576604667921,,,-115.19095169740707,,216.0,,,,,,,,0.0213360283523798,,0.06923329830169678,,0.8339875340461731,,44701
44715,-114.06511904098241,38.348217332796104,,,-117.55588860764348,,199.0,,,,,,,,0.030367759987711906,,0.09380689263343811,,0.7974114418029785,,44715
44727,-114.53234878411695,38.47883000973854,,,-136.71786311644252,,198.0,,,,,,,,0.030315162613987923,,0.09409034252166748,,0.8665884733200073,,44727
44774,,,-136.30331664661819,136.67279624847876,,-101.89574088021826,,173.0,29.67476942497871,29.798686977066744,0.8249849384402449,,,,,0.028192896395921707,,0.08985131978988647,,0.8613660335540771,44774
44789,-114.2495121372286,38.26391056019352,,,-136.4773171721601,,234.0,,,,,,,,0.023202091455459595,,0.07521933317184448,,0.8696026802062988,,44789
44791,-114.41438819529012,38.28627010883938,,,-123.64450060784041,,214.0,,,,,,,,0.02267708070576191,,0.0804796889424324,,0.8148072957992554,,44791
44828,,,-136.4293984062844,136.62760183719072,,-90.53569922644022,,154.0,-26.74560453907236,28.76587207054163,0.9680748121146565,,,,,0.02938094548881054,,0.09129749238491058,,0.7952827215194702,44828
44836,,,-135.43217551908978,137.02745285648726,,-56.13722780167331,,147.0,17.3144224168492,17.3144224168492,0.9534123877419763,,,,,0.0024910983629524708,,0.010397301986813545,,0.8309412002563477,44836
44857,-114.05130142421699,38.19099462933283,,,-115.18965177466906,,197.0,,,,,,,,0.022226708009839058,,0.07669094949960709,,0.8288301229476929,,44857
44876,-114.04695621100146,38.192178949641885,,,-103.53109631835727,,166.0,,,,,,,,0.020604755729436874,,0.06735138595104218,,0.8599621057510376,,44876
44919,-113.74688761774841,37.995387578471494,,,-131.37792106964878,,218.0,,,,,,,,0.02467869594693184,,0.08628828823566437,,0.864207923412323,,44919
44963,,,-136.2786382669518,136.74742651151638,,-111.73194738962786,,256.0,-3.805046506691724,37.84189482731745,0.5290595246878729,,,,,0.02506018616259098,,0.10274786502122879,,0.8488561511039734,44963
44965,-114.13472652409622,38.021697963222046,,,-126.21521981837937,,204.0,,,,,,,,0.02864043042063713,,0.08644676953554153,,0.8266975283622742,,44965
45000,,,,,,,,,,,,73.78472900390625,71.96719360351562,2.062746286392212,,,,,,,44965
45009,-113.85748111404833,38.10058504214765,,,-96.23509667494679,,203.0,,,,,,,,0.017926359549164772,,0.05877925455570221,,0.8253613710403442,,45009
45015,-113.55255881266741,38.056129095540534,,,-111.63357148160956,,196.0,,,,,,,,0.02859531342983246,,0.08902952820062637,,0.8120783567428589,,45015
45057,-113.6177564144262,38.0470330683448,,,-109.90634078571334,,180.0,,,,,,,,0.018003035336732864,,0.06195821240544319,,0.9006298780441284,,45057
45141,-113.42336843198818,38.03071969560529,,,-111.85315058101476,,248.0,,,,,,,,0.01507505588233471,,0.04977460578083992,,0.8656543493270874,,45141
45160,-113.31532816371951,38.010739564053026,,,-117.69960124913737,,226.0,,,,,,,,0.024076897650957108,,0.07020631432533264,,0.8171416521072388,,45160
45164,-113.3272942193632,38.00744869459093,,,-103.16731320098005,,173.0,,,,,,,,0.019339483231306076,,0.06594589352607727,,0.859456479549408,,45164
45166,-113.2856654138615,38.02988569297066,,,-91.77454538775675,,238.0,,,,,,,,0.010319114662706852,,0.04006160423159599,,0.8960453271865845,,45166
45225,-113.26770380722759,38.03042585311992,,,-111.68396197587546,,210.0,,,,,,,,0.019279014319181442,,0.06318359076976776,,0.8521069288253784,,45225
45239,-110.20568289913098,41.51193274049205,,,10.033518827715739,,238.0,,,,,,,,0.0652042031288147,,0.18146617710590363,,0.7853822708129883,,45239
45240,,,-136.7479449194647,136.60508163547183,,-106.79083609995321,,174.0,-33.03416413890904,33.03416413890904,0.9608645032837292,,,,,0.029102474451065063,,0.09279463440179825,,0.8006600141525269,45240
45247,,,-138.87488999233815,137.28616234285846,,-234.8371504216331,,480.0,-34.0798681696256,58.1611936122179,0.6975037776001999,,,,,0.021488312631845474,,0.08564653992652893,,0.9521999955177307,45247
45296,-110.21301591714513,41.51311721309877,,,-117.09802435793013,,190.0,,,,,,,,0.02512037195265293,,0.0841098427772522,,0.8201760649681091,,45296
45324,-110.22371453416669,41.512954684491014,,,-109.85518316442769,,203.0,,,,,,,,0.02175908535718918,,0.08399955183267593,,0.8455921411514282,,45324
45328,,,-142.61679243388448,137.86429520939066,,-255.5491037615332,,480.0,-40.36312501691282,40.36312501691282,0.8663219940169639,,,,,0.03855399787425995,,0.11880090087652206,,0.7999588251113892,45328
45348,,,-139.20835384113684,137.19516963589496,,-82.70067506915531,,217.0,27.658307366656818,28.068462667377315,0.795254395611149,,,,,0.013646598905324936,,0.04511222243309021,,0.8186328411102295,45348
45364,-110.00610644736713,41.486086380151015,,,-109.79869872033093,,193.0,,,,,,,,0.024153688922524452,,0.09114965796470642,,0.8295307159423828,,45364
45407,-106.1038577150752,49.3000182853293,,,80.39708736980964,,175.0,,,,,,,,0.06501252949237823,,0.17925234138965607,,0.7647916674613953,,45407
45494,-106.10404321373808,49.300079536659986,,,-122.38737695853438,,236.0,,,,,,,,0.01822611689567566,,0.059102874249219894,,0.8772073984146118,,45494
45500,,,,,,,,,,,,69.57855224609375,65.57649230957031,2.079162120819092,,,,,,,45494
45514,-108.7798519786324,47.35736532632444,,,-139.24912265993487,,226.0,,,,,,,,0.023317337036132812,,0.07385965436697006,,0.8843348622322083,,45514
45524,-108.84006357682819,47.350577959999384,,,-104.97726033287022,,200.0,,,,,,,,0.019876081496477127,,0.06874629110097885,,0.8287181854248047,,45524
45536,-108.77310763579143,47.34759662469362,,,-109.24099148855211,,247.0,,,,,,,,0.02162119932472706,,0.06979382783174515,,0.842594563961029,,45536
45598,-109.13070262747395,47.45888428577778,,,-132.64421181109878,,229.0,,,,,,,,0.025079481303691864,,0.08520516753196716,,0.8447559475898743,,45598
45600,,,-139.49390230216636,137.148058428146,,-123.85858330336407,,256.0,-22.49438764480874,23.9263725746423,0.8016225264281353,,,,,0.02664748579263687,,0.08908329904079437,,0.8389485478401184,45600
45658,-109.1811419325486,47.45729118688477,,,-108.91796619380322,,194.0,,,,,,,,0.02545522339642048,,0.09430030733346939,,0.8402360081672668,,45658
45669,-108.88566343552885,47.36053943996518,-139.43981316642277,137.16238409404156,-117.17005846562773,-101.78866759986647,215.0,194.0,-42.01292207929277,42.83461506956631,0.9672928098369447,,,,0.030172185972332954,0.023898089304566383,0.09054462611675262,0.08389998227357864,0.8035238981246948,0.8007417917251587,45669
45672,-109.24533004646393,47.36244975342413,,,-118.30871525232513,,240.0,,,,,,,,0.02021576091647148,,0.0634118914604187,,0.8663279414176941,,45672
45755,-109.31188627141599,47.38665891150757,,,-128.17453191167095,,198.0,,,,,,,,0.025173664093017578,,0.0855272188782692,,0.8721394538879395,,45755
45757,-109.25418650833144,47.381741295763675,,,-111.87898677049225,,200.0,,,,,,,,0.02866140380501747,,0.08762212097644806,,0.7827735543251038,,45757
45808,-109.55292736859579,47.37702833138131,,,-116.12461673900656,,174.0,,,,,,,,0.023484300822019577,,0.0674651637673378,,0.869187593460083,,45808
45841,-112.06996888682025,43.23978612789981,,,-99.26439805288199,,225.0,,,,,,,,0.011767042800784111,,0.04054676741361618,,0.8326593041419983,,45841
45843,-112.58443121923318,43.323677054059516,,,-132.24650451928966,,224.0,,,,,,,,0.024168839678168297,,0.08913220465183258,,0.8415378928184509,,45843
45867,,,-141.16784582304078,136.9942049313451,,-170.16362905687805,,285.0,5.683022802127035,15.473746100852363,0.7371791228274487,,,,,0.0259380079805851,,0.10419487208127975,,0.9292370676994324,45867
45883,,,-141.0885296786717,137.03424474437398,,-69.97873566095343,,146.0,-12.49441561878544,16.33489509886258,0.9705306673262417,,,,,0.009244509041309357,,0.0327133908867836,,0.8596459031105042,45883
45933,,,-140.58583659979465,137.2438184167584,,-71.09634078932753,,194.0,-6.412498236316996,19.725661564733564,0.8507285451575121,,,,,0.009156422689557076,,0.038373734802007675,,0.8740927577018738,45933
45982,-112.47092514618134,43.34660419491704,,,-100.93674253234472,,176.0,,,,,,,,0.018838966265320778,,0.058085791766643524,,0.8544104099273682,,45982
45998,-116.14072525041384,50.337062437257146,,,-295.27799835574547,,480.0,,,,,,,,0.060811057686805725,,0.16387715935707092,,0.729994535446167,,45998
46000,,,,,,,,,,,,69.43083953857422,75.15269470214844,2.064018487930298,,,,,,,45998
46042,-113.92812750766157,52.86200757391173,,,-0.8357587384868985,,264.0,,,,,,,,0.09112740308046341,,0.2319704294204712,,0.7269242405891418,,46042
46058,-113.93502643837725,52.860455819600745,,,-102.21414330458754,,154.0,,,,,,,,0.020561356097459793,,0.08156801760196686,,0.8925105333328247,,46058
46059,-114.42468069654214,52.75851489534456,,,-115.42682437688366,,191.0,,,,,,,,0.028908178210258484,,0.10387887060642242,,0.8264774084091187,,46059
46086,,,-140.80232674098647,137.19676277888396,,-116.28055067323888,,203.0,4.605216662284776,12.437852212948165,0.883219066003315,,,,,0.0253981314599514,,0.08758898824453354,,0.8653852939605713,46086
46172,-111.09879937540408,45.79687946220009,,,-132.7613107552818,,228.0,,,,,,,,0.027841253206133842,,0.08627937734127045,,0.8539939522743225,,46172
46182,-110.94740215072365,45.77560313141182,,,-113.67265543756614,,198.0,,,,,,,,0.02123943716287613,,0.07791599631309509,,0.83554607629776,,46182
46206,-111.19677798432429,45.79677793097117,,,-121.19424597268102,,187.0,,,,,,,,0.03667570278048515,,0.10598525404930115,,0.8234851956367493,,46206
46224,-111.68129938505692,46.03951344226683,,,-146.5561444295764,,246.0,,,,,,,,0.03350251168012619,,0.11120644956827164,,0.8118619322776794,,46224
46251,-111.6833857164484,46.03927048622277,,,-106.37315287879603,,193.0,,,,,,,,0.02338867448270321,,0.07700207084417343,,0.8031938672065735,,46251
46316,-111.68927683471097,46.03961094753915,,,-114.49433473335611,,176.0,,,,,,,,0.029392672702670097,,0.0856996551156044,,0.8369989991188049,,46316
46318,-111.92099673682289,46.035322845698545,,,-116.74618616865565,,185.0,,,,,,,,0.03019452653825283,,0.09894911199808121,,0.8278002142906189,,46318
46324,,,-146.7097063045866,142.67902287963486,,-421.3078889731141,,480.0,10.561999809804062,23.907582199511427,0.4855312845205497,,,,,0.05225995555520058,,0.14783884584903717,,0.8395863771438599,46324
46325,-111.61337374469129,45.95662087383987,,,-115.84417585199076,,189.0,,,,,,,,0.020398594439029694,,0.06338836997747421,,0.8655855059623718,,46325
46353,-110.73796570999883,45.88714536513291,,,-92.93499354346174,,170.0,,,,,,,,0.01529716420918703,,0.05149500072002411,,0.8886459469795227,,46353
46355,,,-146.86340609322778,142.61474886730036,,-90.97712957423784,,234.0,-33.90010187310031,35.26156157357061,0.9560333076581893,,,,,0.016940459609031677,,0.06225675716996193,,0.8114114999771118,46355
46399,,,-146.97403441513154,142.57809629163475,,-102.4404126799063,,189.0,-30.68385098756306,31.61650928334584,0.9700800376978866,,,,,0.01734807901084423,,0.06408470869064331,,0.804467499256134,46399
46426,-110.65928527061085,45.883366205783815,,,-110.93556373029477,,194.0,,,,,,,,0.021278610453009605,,0.06378213316202164,,0.7909930944442749,,46426
46439,-110.24868239168507,45.93280968215031,,,-94.66080775111851,,223.0,,,,,,,,0.013896547257900238,,0.05236012116074562,,0.8400385975837708,,46439
46500,,,,,,,,,,,,56.7454948425293,54.23355484008789,2.073359727859497,,,,,,,46439
46504,-110.22252742964463,45.929013552591876,,,-116.24814050562122,,178.0,,,,,,,,0.02457868680357933,,0.07627856731414795,,0.8220921158790588,,46504
46527,-109.9940719654055,45.82494605062907,,,-125.2950899044852,,204.0,,,,,,,,0.02812277525663376,,0.08265663683414459,,0.8291593194007874,,46527
46541,-109.55184909292232,45.67368147396777,,,-114.3661735480016,,200.0,,,,,,,,0.021132517606019974,,0.06293649971485138,,0.8283870816230774,,46541
46570,-109.28608126058204,45.629545548799946,,,-110.3561089908262,,220.0,,,,,,,,0.018807867541909218,,0.058543719351291656,,0.8723452687263489,,46570
46578,,,-146.24909211441468,142.80825307799913,,-83.18536236528658,,209.0,-5.8244461936243415,11.63097941561749,0.9459218309417482,,,,,0.014471138827502728,,0.04275562986731529,,0.7860726714134216,46578
46581,,,-156.7053997461323,155.05574970853522,,-587.3293246934063,,480.0,41.297568212697904,49.688167958706615,0.29187588439937234,,,,,0.014951606281101704,,0.050557173788547516,,0.9613047242164612,46581
46627,,,-157.2259016265781,154.83568163763672,,-104.46718606973943,,185.0,-20.86831714527027,22.572038186563027,0.9827971569453191,,,,,0.021709071472287178,,0.070791095495224,,0.8428550958633423,46627
46657,-108.9034235944368,45.658649252292236,,,-96.05676846740775,,197.0,,,,,,,,0.015007109381258488,,0.05318593606352806,,0.8702377676963806,,46657
46666,-109.5154294860845,45.787437895271765,,,-134.13139090074225,,221.0,,,,,,,,0.030366552993655205,,0.09666447341442108,,0.8382290005683899,,46666
46728,-109.18142083139071,45.68754177561225,,,-114.67748833495914,,198.0,,,,,,,,0.016002943739295006,,0.050964925438165665,,0.8894179463386536,,46728
46732,-109.13615815620163,45.67176227884408,,,-123.95208605892587,,186.0,,,,,,,,0.03168085590004921,,0.0981825739145279,,0.8094982504844666,,46732
46763,-109.63430882943585,45.6641662061133,,,-121.14263033665765,,202.0,,,,,,,,0.029401607811450958,,0.09958010166883469,,0.8185300827026367,,46763
46844,-109.20705495519171,45.743332166030164,,,-90.2708777694013,,213.0,,,,,,,,0.012755359522998333,,0.043610043823719025,,0.8168865442276001,,46844
46856,-108.83397233984131,45.812127173213334,,,-91.25221001819396,,177.0,,,,,,,,0.015403077937662601,,0.04879013076424599,,0.8138476014137268,,46856
46873,-109.36356510279815,45.99665012000452,,,-138.3327887288568,,237.0,,,,,,,,0.025847963988780975,,0.08194633573293686,,0.8633999824523926,,46873
46884,-109.12449951190288,45.98376418833901,,,-105.74632170437465,,182.0,,,,,,,,0.02561701275408268,,0.0754626914858818,,0.8266450762748718,,46884
46909,-109.38334192914094,45.985928221256735,,,-116.10943406288112,,206.0,,,,,,,,0.025064188987016678,,0.0801975205540657,,0.8352764844894409,,46909
46914,,,-156.97072628559465,154.90524987535386,,-108.49672614018158,,196.0,-34.290719786164715,34.458453030306465,0.9013916195192747,,,,,0.022796183824539185,,0.07165089249610901,,0.863033652305603,46914
46955,,,-157.16383622935052,154.81615276992278,,-90.44536773393708,,176.0,-31.616481722586535,32.9933605669913,0.9580702419701613,,,,,0.02164151333272457,,0.07734445482492447,,0.8115657567977905,46955
46960,-109.8244249600456,45.92063664018511,,,-113.82869693299111,,175.0,,,,,,,,0.024131426587700844,,0.07473649084568024,,0.8264285326004028,,46960
46966,-110.00988402752495,45.94649022135983,,,-120.95691534984326,,186.0,,,,,,,,0.03254828602075577,,0.11348108947277069,,0.8229177594184875,,46966
46981,,,-147.61275292889948,144.68401533480088,,-72.47156170671471,,205.0,3.331178810538315,6.550830074635948,0.8070546982840247,,,,,0.007096192333847284,,0.02116132155060768,,0.8221122026443481,46981
47000,,,,,,,,,,,,57.39707946777344,57.711456298828125,2.0840744972229004,,,,,,,46981
47043,-112.51890873260629,42.62817472440698,,,-115.41771642635126,,222.0,,,,,,,,0.017785675823688507,,0.061068303883075714,,0.8734179139137268,,47043
47045,-112.37441055283152,42.62465294947102,,,-109.87311536919276,,191.0,,,,,,,,0.02090061828494072,,0.07912810891866684,,0.8590595722198486,,47045
47102,,,-147.25814558280837,144.81236867669477,,-86.17734599308167,,171.0,35.65353335100308,39.2827669064901,0.5150120055541094,,,,,0.021683253347873688,,0.07059291750192642,,0.8348757028579712,47102
47114,-112.30590128767781,42.63139925393373,,,-106.42971990674106,,173.0,,,,,,,,0.02822883240878582,,0.08989738672971725,,0.828462541103363,,47114
47131,-112.31700221546893,42.630817211241435,,,-110.35374510988665,,186.0,,,,,,,,0.026189792901277542,,0.08185270428657532,,0.8283981680870056,,47131
47144,-116.40418218852496,32.56714920923062,,,-123.96191128299195,,226.0,,,,,,,,0.022064853459596634,,0.06574703007936478,,0.8540839552879333,,47144
47212,-116.04937460662227,32.596655878603514,,,-104.64699786339867,,188.0,,,,,,,,0.020569855347275734,,0.06466972082853317,,0.808652937412262,,47212
47221,,,-146.36771907220557,145.0775169129121,,-81.39104797589418,,244.0,57.67543063740261,58.48509181474076,0.051878071648528715,,,,,0.013309165835380554,,0.06984622776508331,,0.8917997479438782,47221
47223,-115.30495933152314,32.4831499672933,,,-102.02835890497967,,176.0,,,,,,,,0.02229487895965576,,0.06488222628831863,,0.7904159426689148,,47223
47228,-115.42832478258397,32.455394035478065,,,-111.14553288591202,,204.0,,,,,,,,0.022191764786839485,,0.0683528259396553,,0.8287952542304993,,47228
47277,,,-146.26002553125457,145.12497433012078,,-79.67962704750308,,188.0,-12.976432638599517,17.714822829403776,0.8855696887031878,,,,,0.01215533260256052,,0.04003387317061424,,0.8582317233085632,47277
47300,-115.32976845838903,32.48150485665811,,,-104.31317527880519,,193.0,,,,,,,,0.025219516828656197,,0.09365622699260712,,0.8346437811851501,,47300
47365,-114.84106572107977,32.40104340815923,,,-108.20907494563522,,174.0,,,,,,,,0.01780463010072708,,0.0532178059220314,,0.8764479160308838,,47365
47378,-114.81057594521762,32.40731944463449,,,-107.39347740069543,,185.0,,,,,,,,0.02433222346007824,,0.09229726344347,,0.8394079208374023,,47378
47387,-115.01404733813746,32.45339978732091,,,-127.3436281116206,,227.0,,,,,,,,0.02452346496284008,,0.08174900710582733,,0.8418080806732178,,47387
47399,-114.95860987906026,32.450091741040225,,,-115.53684229846377,,205.0,,,,,,,,0.02671337127685547,,0.09675905853509903,,0.7955790162086487,,47399
47476,-114.9197196934639,32.43539154320212,,,-126.23002263185417,,202.0,,,,,,,,0.03030250407755375,,0.10774093866348267,,0.83748859167099,,47476
47486,-115.18269110005025,32.462962234008025,,,-125.02755709981031,,199.0,,,,,,,,0.03320559486746788,,0.1037830114364624,,0.8062552213668823,,47486
47500,,,,,,,,,,,,70.33995056152344,69.16336059570312,2.077199935913086,,,,,,,47486
47508,-115.4851191566851,32.540671785169955,,,-131.24601957074876,,188.0,,,,,,,,0.03378385677933693,,0.09765274822711945,,0.8267322182655334,,47508
47512,,,-147.08898967214552,144.91350267045596,,-130.40369477449005,,186.0,35.00352283254747,38.4279337038276,0.7857924766811897,,,,,0.030644021928310394,,0.11849401891231537,,0.8723398447036743,47512
47523,-115.48136057699243,32.542555925974575,,,-99.07646906824826,,172.0,,,,,,,,0.023659061640501022,,0.09251568466424942,,0.8241891860961914,,47523
47535,,,-147.13940821083872,144.9010707902785,,-112.64435224580573,,235.0,31.68138630973532,36.35647159662653,0.6966269871810141,,,,,0.018245656043291092,,0.0662568062543869,,0.9412546157836914,47535
47559,,,-146.8445903510122,145.0377850520399,,-72.39567872228464,,186.0,-10.204181684281236,24.212868379969752,0.8957487879279415,,,,,0.01197180338203907,,0.0478571318089962,,0.8163015246391296,47559
47589,-115.39095872305182,32.50211067410626,,,-127.72641182225959,,179.0,,,,,,,,0.03369954973459244,,0.11635925620794296,,0.8076537847518921,,47589
47633,,,-147.55210358067666,144.78715407515398,,-113.55207922437334,,206.0,-15.848527391558711,18.404632603659213,0.9292870240046821,,,,,0.02425546944141388,,0.07730963826179504,,0.8449653387069702,47633
47634,-115.22308980502208,32.597865639425535,,,-92.54329663085716,,252.0,,,,,,,,0.012565052136778831,,0.04667752608656883,,0.8014076948165894,,47634
47760,-110.05890514131156,22.576948605234374,,,-37.06876517021867,,250.0,,,,,,,,0.0631413385272026,,0.17407257854938507,,0.8047466278076172,,47760
47761,-112.22891867118351,16.322566423706302,,,-109.33643523208599,,169.0,,,,,,,,0.02663479559123516,,0.08407948911190033,,0.8064426183700562,,47761
47819,-112.43858039045328,16.259787464884432,,,-112.6972292680748,,208.0,,,,,,,,0.020606394857168198,,0.07320929318666458,,0.8688603043556213,,47819
47857,-112.50270777834184,16.27775932791897,,,-118.63319377131238,,262.0,,,,,,,,0.017643660306930542,,0.05840594321489334,,0.8676538467407227,,47857
47860,-111.95301015122283,16.046789191270204,,,-105.27642939933165,,162.0,,,,,,,,0.02149217389523983,,0.06380107253789902,,0.8238149285316467,,47860
47876,-111.94814910484332,16.046304330184665,,,-113.42960311859078,,180.0,,,,,,,,0.020909180864691734,,0.07712257653474808,,0.8342796564102173,,47876
47877,,,-147.80201144483425,144.66007606753354,,-80.33287768300357,,180.0,58.04134339226617,58.09446089002821,0.2636638119038516,,,,,0.012510070577263832,,0.07287536561489105,,0.8976828455924988,47877
47932,-112.11914229324904,16.188842351383833,,,-129.74390539296658,,205.0,,,,,,,,0.02434454672038555,,0.06846749037504196,,0.8832967281341553,,47932
47979,-111.64949438942763,15.509351162061828,,,-123.07374923850702,,207.0,,,,,,,,0.023515673354268074,,0.07936654984951019,,0.8293982744216919,,47979
47984,-109.1072841345718,24.167042195433453,,,20.737359863995653,,223.0,,,,,,,,0.07954820245504379,,0.20430786907672882,,0.7253936529159546,,47984
48000,,,,,,,,,,,,69.95425415039062,69.23180389404297,2.0687339305877686,,,,,,,47984
48014,-108.73569163246728,24.224126850050222,,,-95.91470962812957,,178.0,,,,,,,,0.018087683245539665,,0.06536180526018143,,0.8762445449829102,,48014
48015,,,-153.19094173169768,149.53369264081493,,-418.2505534782156,,480.0,-35.94350013161699,54.052235470463835,0.6335729962393448,,,,,0.060018375515937805,,0.17267398536205292,,0.7897709608078003,48015
48043,,,-152.80246790388665,149.68957703918582,,-90.20561249828785,,275.0,-60.864722268364645,60.864722268364645,0.8168802270684511,,,,,0.012375995516777039,,0.04501188546419144,,0.8430295586585999,48043
48061,-108.57592273333708,24.197095792999374,,,-108.75774121214506,,194.0,,,,,,,,0.015235156752169132,,0.05238863080739975,,0.8837491869926453,,48061
48105,-108.32809150104785,24.184839057285824,,,-103.45261423753016,,169.0,,,,,,,,0.028608588501811028,,0.09060575067996979,,0.7689484357833862,,48105
48165,-108.81989302065799,24.1167433600097,,,-117.52506952396878,,192.0,,,,,,,,0.02911330573260784,,0.09924594312906265,,0.8440644145011902,,48165
48185,-109.13549507016465,24.24527496947899,,,-126.71566620562784,,225.0,,,,,,,,0.0284066591411829,,0.0946408286690712,,0.836475670337677,,48185
48191,-109.63178850482097,24.197831003340323,,,-119.47547948393326,,204.0,,,,,,,,0.025490492582321167,,0.08550926297903061,,0.854788601398468,,48191
48260,-109.7766999307928,24.2586389152408,,,-123.49371180421272,,208.0,,,,,,,,0.023794271051883698,,0.07891006022691727,,0.8490321636199951,,48260
48274,-109.57994597233204,24.171715838885767,,,-115.45739198144769,,198.0,,,,,,,,0.021274765953421593,,0.07223614305257797,,0.8872321248054504,,48274
48284,-109.19998273103444,24.242708113605907,,,-95.36801148312153,,184.0,,,,,,,,0.01885240338742733,,0.06459474563598633,,0.8189566135406494,,48284
48289,,,-152.23625774067665,149.96333845140842,,-65.92333440459089,,152.0,-16.108529634381597,20.959214520297554,0.9618791842956744,,,,,0.008570600301027298,,0.025121547281742096,,0.7905300259590149,48289
48339,-109.58787357444838,24.41266688166853,,,-129.75065116152322,,197.0,,,,,,,,0.029744360595941544,,0.10540313273668289,,0.8669057488441467,,48339
48363,-109.66603206609372,24.37544853916316,,,-99.96469304967492,,207.0,,,,,,,,0.01171533577144146,,0.03834177181124687,,0.8936125040054321,,48363
48383,-109.22284881843758,24.126777142372653,,,-111.97222851793543,,213.0,,,,,,,,0.023172536864876747,,0.07520455121994019,,0.8061979413032532,,48383
48393,,,-151.9876696700431,150.06836404239937,,-82.51729605837401,,247.0,-24.366631980849665,26.12123717373682,0.976673142243632,,,,,0.009401251561939716,,0.033312272280454636,,0.7996389269828796,48393
48425,-109.20943198855159,24.12392646091502,,,-114.00664684065985,,170.0,,,,,,,,0.030844151973724365,,0.09326647222042084,,0.7925523519515991,,48425
48437,,,-152.15390842000278,149.97711392654023,,-73.87777287230716,,209.0,-43.71573147933449,43.77794813083119,0.8437215340111763,,,,,0.006513508502393961,,0.01895281672477722,,0.9077770709991455,48436
48465,-109.12450344206724,24.07930882668744,,,-119.70565873470731,,222.0,,,,,,,,0.024755720049142838,,0.09323730319738388,,0.8112031817436218,,48465
48468,,,-150.3588317607352,150.2380805321587,,-84.55694818850858,,243.0,-59.56791201687644,59.56791201687644,0.8732839978933515,,,,,0.00914415717124939,,0.031764768064022064,,0.8209838271141052,48468
48500,,,,,,,,,,,,60.32692337036133,67.95408630371094,2.080268383026123,,,,,,,48468
48540,-109.33437373343264,24.228409782273125,,,-131.636144904928,,201.0,,,,,,,,0.028727950528264046,,0.09855232387781143,,0.8343468904495239,,48540
48549,-110.01008339325875,24.158345504329912,,,-124.05636076070613,,227.0,,,,,,,,0.02646622434258461,,0.08918876945972443,,0.8127596378326416,,48549
48577,-110.1400291836813,24.074427379603804,,,-97.74949953932264,,176.0,,,,,,,,0.020609136670827866,,0.06993427872657776,,0.8515934944152832,,48577
48615,-109.80653723960711,23.795452595781832,,,-121.65819152514632,,206.0,,,,,,,,0.03209083527326584,,0.10682111978530884,,0.8309493660926819,,48615
48666,-110.08822606699756,23.829062312863037,,,-119.83076307389723,,177.0,,,,,,,,0.027209877967834473,,0.09308458864688873,,0.866786777973175,,48666
48685,-110.24539623178731,23.89408587476208,,,-123.96794230236904,,195.0,,,,,,,,0.028646139428019524,,0.09600324183702469,,0.8660780787467957,,48685
48694,-110.0591967228822,23.901710497944833,,,-104.51872148773586,,202.0,,,,,,,,0.019266638904809952,,0.06215324252843857,,0.84848952293396,,48694
48712,,,-148.53355672077234,150.60467391670423,,-73.60326479637477,,205.0,-45.53657063536528,46.14502385971023,0.9294655385222488,,,,,0.007423189468681812,,0.02539139799773693,,0.8394420146942139,48712
48733,-109.97112799790435,23.86948506511861,,,-116.55347910095014,,209.0,,,,,,,,0.027496227994561195,,0.08901209384202957,,0.8289703726768494,,48733
48754,-109.7497262885422,23.86927871608054,,,-104.34763095824364,,214.0,,,,,,,,0.017410429194569588,,0.06209771707653999,,0.8150766491889954,,48754
48760,,,-136.1607973168797,125.54010146935407,,-112.73340975850807,,213.0,-5.097935226041946,14.216171639066348,0.9343718367603526,,,,,0.02404092811048031,,0.07892121374607086,,0.8303715586662292,48760
48804,-109.86264531050276,23.88294615295728,,,-115.51906646722108,,197.0,,,,,,,,0.025893762707710266,,0.09716936200857162,,0.8195920586585999,,48804
48805,,,-135.81494627125386,125.71639080966101,,-63.305586753182816,,168.0,-8.871541213421594,11.13849222376233,0.9915653295874152,,,,,0.006143161095678806,,0.02193186618387699,,0.826659619808197,48805
48874,-110.00834114427522,23.883779592226425,,,-113.71451159536429,,195.0,,,,,,,,0.03037704899907112,,0.10612647980451584,,0.7959595918655396,,48874
48913,-107.41761307213504,29.958754269080668,,,19.182658497122425,,345.0,,,,,,,,0.03975018113851547,,0.13095220923423767,,0.8240664005279541,,48913
48919,-106.75463818729644,29.952083369131675,,,-90.81316704106082,,165.0,,,,,,,,0.020268237218260765,,0.08438420295715332,,0.8108558058738708,,48919
48966,-107.23599568659003,30.107337781081778,,,-128.71487282807914,,212.0,,,,,,,,0.02600392885506153,,0.07770249992609024,,0.7977657318115234,,48966
48971,,,-135.46589138611296,125.8548126158344,,-77.03229193641418,,252.0,56.726131763959685,56.726131763959685,0.10648235674735375,,,,,0.010361537337303162,,0.046797655522823334,,0.856016218662262,48971
49000,,,,,,,,,,,,61.75593566894531,71.00918579101562,2.0813934803009033,,,,,,,48971
49003,-107.25429716672625,30.104444615480073,,,-102.94343291179098,,198.0,,,,,,,,0.01360547635704279,,0.04230600595474243,,0.8539640307426453,,49003
49120,-108.56210881806132,31.626947163499835,,,-176.53611545266483,,480.0,,,,,,,,0.043142180889844894,,0.13158811628818512,,0.8244217038154602,,49120
49123,-109.02376318756926,31.729856956846202,,,-127.3958937542031,,230.0,,,,,,,,0.02686602994799614,,0.09871622920036316,,0.8432247042655945,,49123
49145,-108.74441616584728,31.797211939707157,,,-94.24172385953658,,204.0,,,,,,,,0.017623549327254295,,0.05381575971841812,,0.8051822781562805,,49145
49208,-108.99626946119928,31.835362168752127,,,-119.98614216829424,,480.0,,,,,,,,0.0396905243396759,,0.12823644280433655,,0.8033220171928406,,49208
49241,-108.543278093926,31.732046136613704,,,-104.69405974795653,,197.0,,,,,,,,0.021071257069706917,,0.06581112742424011,,0.8194259405136108,,49241
49242,,,-134.88601817770035,126.13349265321956,,-60.127861541837596,,188.0,-3.9507238427375224,5.51724327181248,0.9155431112793616,,,,,0.005006991792470217,,0.019269907847046852,,0.8564857840538025,49242
49252,,,-135.97294721791602,126.17969499228496,,-167.96527563027513,,397.0,-32.11362805489629,37.81994711166665,0.6599969294228819,,,,,0.02605249360203743,,0.0985855683684349,,0.8112800717353821,49252
49284,,,-142.80859206936785,134.40878592206383,,-467.13660992851624,,476.0,-10.467885161022178,84.92677182372378,-0.4211986068645213,,,,,0.023162174969911575,,0.08141971379518509,,0.9719984531402588,49283
49370,-108.74813726153232,31.809503928045338,,,-125.77980067878029,,172.0,,,,,,,,0.030301712453365326,,0.10100974887609482,,0.8923928737640381,,49370
49373,-109.19034957416096,32.20074509709903,,,-148.34063826328585,,480.0,,,,,,,,0.04417462274432182,,0.1343342661857605,,0.8466948866844177,,49373
49422,-109.0970324291999,32.16145076353194,,,-120.36169985175748,,202.0,,,,,,,,0.02949553355574608,,0.09204359352588654,,0.7989339828491211,,49422
49452,-108.57190963019139,32.00951394065567,,,-104.98987962032372,,212.0,,,,,,,,0.01976248249411583,,0.06794486939907074,,0.8434656262397766,,49452
49500,,,,,,,,,,,,56.65115737915039,60.57590103149414,2.0760865211486816,,,,,,,49452
49509,-108.5612803324797,32.012753373660715,,,-98.54500418266264,,139.0,,,,,,,,0.026125852018594742,,0.09526903927326202,,0.8424392342567444,,49509
49512,-108.60832139605975,32.042595168340554,,,-130.07846500126178,,225.0,,,,,,,,0.02091098017990589,,0.06965649873018265,,0.8747199177742004,,49512
49522,-108.95242145073456,31.96050360766829,,,-109.74829936459926,,197.0,,,,,,,,0.023086294531822205,,0.06943804770708084,,0.7804148197174072,,49522
49584,-110.64971179388043,30.30870915304344,,,-121.93328232751135,,212.0,,,,,,,,0.01787222921848297,,0.05597240850329399,,0.9116988182067871,,49584
49585,-111.03334256175165,30.410880942007214,,,-128.51797362564685,,204.0,,,,,,,,0.024429207667708397,,0.08085383474826813,,0.8502538204193115,,49585
49586,,,-143.3672094433095,134.33563469989286,,-139.45722752106988,,339.0,45.9560186520087,45.9560186520087,0.4927713046703658,,,,,0.014677141793072224,,0.05535855516791344,,0.8348459601402283,49586
49623,-111.44562970257783,30.569964532079446,,,-133.31158630938316,,224.0,,,,,,,,0.028502684086561203,,0.0889945775270462,,0.8201584815979004,,49623
49660,,,-132.09303453302084,109.36725586315573,,-125.73434835704214,,244.0,-21.170218868211645,21.565468731595846,0.8286867197098549,,,,,0.02265883795917034,,0.07639453560113907,,0.8428089618682861,49660
49664,-111.05135722396996,30.60183168820981,,,-98.9195698409182,,230.0,,,,,,,,0.013935033231973648,,0.042415935546159744,,0.8297390341758728,,49664
49700,,,-132.03465237321743,109.40104056306595,,-67.30566133673226,,322.0,79.32378745708407,79.33513508561235,-0.7367218356287982,,,,,0.0054203481413424015,,0.039689574390649796,,0.8808948397636414,49700
49726,-111.45860670019658,30.65771003627501,,,-125.6389032106635,,201.0,,,,,,,,0.02484770491719246,,0.07424108684062958,,0.8736507892608643,,49726
49749,-111.67892916355677,30.710621153696337,,,-124.44572628660036,,198.0,,,,,,,,0.02654559165239334,,0.08027587831020355,,0.85890132188797,,49749
49779,-111.2079582684826,30.610373424930394,,,-106.1953606392577,,199.0,,,,,,,,0.02354080229997635,,0.08843334019184113,,0.7986416816711426,,49779
49811,-111.31572424236114,30.661400489936963,,,-128.46204793243493,,184.0,,,,,,,,0.028633883222937584,,0.08884691447019577,,0.8643980622291565,,49811
49822,,,-135.36497782249742,110.63482863605599,,-257.71637497079047,,480.0,-54.237225610017774,54.237225610017774,0.9208985520323449,,,,,0.02783331274986267,,0.08954472839832306,,0.7912505269050598,49822
49890,-114.6054857824084,24.527111200816158,,,-143.75071713836758,,229.0,,,,,,,,0.027561116963624954,,0.07796743512153625,,0.8288847804069519,,49890
49892,-115.00872948310735,24.381816523629716,,,-116.07689466307558,,188.0,,,,,,,,0.026350807398557663,,0.08727945387363434,,0.7635893225669861,,49892
49961,-114.80346571634558,24.47659509147914,,,-98.49455287405857,,170.0,,,,,,,,0.027838565409183502,,0.09876569360494614,,0.806174099445343,,49961
50000,,,,,,,,,,,,73.49530029296875,82.99028778076172,2.072679042816162,,,,,,,49961
50041,-115.32948342933152,24.509594988206853,,,-129.75349988682672,,208.0,,,,,,,,0.028469368815422058,,0.09043239802122116,,0.8762821555137634,,50041
50043,-115.01953548187802,24.577764960536083,,,-102.02767215129326,,224.0,,,,,,,,0.016492249444127083,,0.05129532888531685,,0.8231902122497559,,50043
50047,-117.89957575521197,32.8309937762133,,,-270.71767987232465,,480.0,,,,,,,,0.05136086046695709,,0.1393047571182251,,0.807267963886261,,50047
50048,,,-137.34542782580831,110.81308240834537,,-195.83235092083092,,322.0,41.114012601212686,41.114012601212686,0.9494138912658384,,,,,0.038011856377124786,,0.12948089838027954,,0.797014594078064,50048
50058,,,-137.4524918510458,110.78136184870016,,-107.24894214209212,,205.0,4.580650181886626,17.200074173764484,0.8469355843615467,,,,,0.027100233361124992,,0.09426973015069962,,0.8292376399040222,50058
50093,-117.74001800922794,32.842331404468574,,,-111.49759218473288,,189.0,,,,,,,,0.02557751163840294,,0.07856941223144531,,0.8069236278533936,,50093
50142,,,-138.6806468554476,110.5946554620741,,-151.9434494465305,,368.0,-58.67063752108294,58.67063752108294,0.8483638111540889,,,,,0.023017877712845802,,0.07959058880805969,,0.8748080730438232,50141
50154,-117.2603902568331,32.92979753806161,,,-99.512324184471,,218.0,,,,,,,,0.017689364030957222,,0.05743957310914993,,0.8411077857017517,,50154
50160,-116.9505794646536,33.01805409418176,,,-99.96685237247227,,209.0,,,,,,,,0.014703679829835892,,0.04675736278295517,,0.8239356875419617,,50160
50231,-117.16783683545879,32.91089165777523,,,-106.23088002338012,,206.0,,,,,,,,0.019574332982301712,,0.06599917262792587,,0.8735046982765198,,50231
50253,-116.78091356217408,32.874388110633,,,-110.40448749728884,,194.0,,,,,,,,0.017328642308712006,,0.05035656690597534,,0.8566195964813232,,50253
50306,,,-140.2366816653529,109.96789496109555,,-133.93896829693952,,284.0,-12.89078129177362,17.593244032121042,0.9611137502699435,,,,,0.01590927690267563,,0.04832375422120094,,0.8527909517288208,50305
50343,-117.2485681959361,32.79806958840619,,,-123.34742473777577,,185.0,,,,,,,,0.03477330133318901,,0.10445389896631241,,0.8163837194442749,,50343
50359,-121.27583430061048,42.75441102923894,,,-313.3355337516539,,480.0,,,,,,,,0.041058629751205444,,0.1287904977798462,,0.8939148783683777,,50359
50375,-121.23503601100825,42.76230073100283,,,-111.9667323605482,,187.0,,,,,,,,0.02457740157842636,,0.06986390054225922,,0.8292365074157715,,50375
50443,-120.75971959346325,42.90849099196358,,,-95.93983785745743,,184.0,,,,,,,,0.018476510420441628,,0.06639817357063293,,0.8419405221939087,,50443
50473,-120.3419399087574,42.90225114740965,,,-110.74716066963467,,205.0,,,,,,,,0.01782970130443573,,0.06253363937139511,,0.875796914100647,,50473
50477,-120.06239590338306,42.92266957036001,,,-110.07916049198921,,186.0,,,,,,,,0.015933172777295113,,0.054453689604997635,,0.8463603854179382,,50477
50494,-120.86185691388438,42.87186419034914,,,-137.72255006438886,,205.0,,,,,,,,0.030053475871682167,,0.0901537835597992,,0.85460364818573,,50494
50495,,,-140.03083658001282,110.03067426337297,,-101.43969312262254,,162.0,-38.73916482631071,38.93007931591552,0.9831356089351774,,,,,0.023118801414966583,,0.06523913145065308,,0.8486593961715698,50495
50500,,,-139.56720589643194,110.21843840423985,,-83.60930192090856,,178.0,0.7852829035078541,10.487891354922498,0.8682152878119176,62.25020217895508,63.05213165283203,2.0759756565093994,,0.009331109002232552,,0.030974043533205986,,0.8829385638237,50500
50504,,,-136.94364007472586,109.47822617810948,,-103.65885933633069,,226.0,-31.20097730856026,32.5675212471886,0.9312574738908156,,,,,0.012125684879720211,,0.045849502086639404,,0.9455044865608215,50504
50587,-121.21103823983661,42.94796062478357,,,-139.11725782275923,,233.0,,,,,,,,0.03279326483607292,,0.10370593518018723,,0.8366438746452332,,50587
50604,-120.98584638229839,42.98411139650788,,,-108.5711701969854,,196.0,,,,,,,,0.026295693591237068,,0.09942536801099777,,0.8177002668380737,,50604
50612,-120.88527766148209,42.982899049692506,,,-118.93950626155396,,184.0,,,,,,,,0.034138765186071396,,0.1043655052781105,,0.8017738461494446,,50612
50651,-121.10452215563845,42.92677946596907,,,-115.48094619555397,,177.0,,,,,,,,0.028747402131557465,,0.10954702645540237,,0.7993154525756836,,50651
50720,-121.1338426685363,42.924161522598546,,,-118.01950474584335,,197.0,,,,,,,,0.025039831176400185,,0.07980726659297943,,0.8726128339767456,,50720
50726,-121.35424692823976,42.86565596295874,,,-115.3678439434164,,188.0,,,,,,,,0.02876652032136917,,0.09716073423624039,,0.811854362487793,,50726
50730,-121.47219615817583,42.857550560807745,,,-121.41652796402488,,212.0,,,,,,,,0.025653298944234848,,0.10206626355648041,,0.8351918458938599,,50730
50786,-121.42484981558681,42.86740111303555,,,-111.34719446591266,,176.0,,,,,,,,0.024401405826210976,,0.08236094564199448,,0.8545714616775513,,50786
50791,-124.2400720380544,37.871884637845824,,,-121.57845262625682,,194.0,,,,,,,,0.02430018037557602,,0.08872004598379135,,0.8257567286491394,,50791
50792,,,-136.1786456369235,108.77818060200354,,-217.2993818714145,,316.0,-15.504108332757708,15.82930642177787,0.913824300712953,,,,,0.03407730162143707,,0.09748521447181702,,0.8376904726028442,50792
50824,-124.73587825479014,37.592266197157514,,,-115.60347787784771,,196.0,,,,,,,,0.02988639660179615,,0.11039178818464279,,0.8067378997802734,,50824
50854,,,-136.37336638602147,108.69095604713414,,-92.43671252405325,,208.0,12.388002221974043,22.908122769342018,0.653394817774747,,,,,0.023237362504005432,,0.08075922727584839,,0.8114151954650879,50854
50861,-121.04932491184785,45.274540619581344,,,55.6127943190349,,204.0,,,,,,,,0.039264313876628876,,0.11366011202335358,,0.8621909022331238,,50861
50877,,,-135.9568413652227,108.77798733458097,,-103.03233226342455,,210.0,-45.72823231418928,45.72823231418928,0.9528743858665955,,,,,0.020918473601341248,,0.07947292178869247,,0.8430525064468384,50877
50932,-121.74837988368526,45.25942128992172,,,-137.89618150366155,,208.0,,,,,,,,0.036979690194129944,,0.11824126541614532,,0.8018767833709717,,50932
50948,-120.23533307591305,44.66316849671738,,,-100.88377506405438,,184.0,,,,,,,,0.016912728548049927,,0.053695593029260635,,0.7949870824813843,,50948
50984,-120.50241761647995,44.74504378948327,,,-140.75012078254778,,246.0,,,,,,,,0.03003113344311714,,0.08994888514280319,,0.8155161738395691,,50984
51000,,,,,,,,,,,,54.78768539428711,58.560768127441406,2.065229892730713,,,,,,,50984
51014,-120.5733153262086,44.70616954530173,,,-97.78660934596856,,196.0,,,,,,,,0.021893110126256943,,0.0715814009308815,,0.827195405960083,,51014
51017,,,-143.90452219464152,119.93602856143427,,-499.17270907080785,,480.0,51.29474865396818,54.69251892765363,0.3703493206005788,,,,,0.0401177778840065,,0.16455405950546265,,0.906654953956604,51017
51071,-120.33307699412445,44.74094016409795,,,-107.97422556408837,,185.0,,,,,,,,0.018636781722307205,,0.0661843940615654,,0.8770023584365845,,51071
51077,-120.21460015524158,44.79001284579797,,,-98.7702178038125,,168.0,,,,,,,,0.023106349632143974,,0.07552129030227661,,0.8111529350280762,,51077
51129,-119.68570516438793,44.877223655468136,,,-99.33505113609803,,181.0,,,,,,,,0.022315917536616325,,0.06879276037216187,,0.7962304949760437,,51129
51138,-118.68888274922801,44.78310546654874,,,-98.49951750528963,,179.0,,,,,,,,0.018014157190918922,,0.06709752231836319,,0.8558251857757568,,51138
51167,-118.57581216580152,44.78587618101844,,,-114.70817068043277,,176.0,,,,,,,,0.026564929634332657,,0.08304746448993683,,0.8498396277427673,,51167
51178,-118.23572852211477,44.952003287260425,,,-87.9856974359857,,176.0,,,,,,,,0.011131718754768372,,0.036103393882513046,,0.7997102737426758,,51178
51179,,,-142.71849357636725,119.96370023017887,,-110.86219814316613,,168.0,-37.74195539383661,38.54408037094843,0.972895627225655,,,,,0.025103677064180374,,0.08106984198093414,,0.8989970088005066,51179
51198,,,-143.44334125422316,119.63103145647122,,-106.22111955374838,,282.0,-11.575961576074572,15.569822152667012,0.7068577119710301,,,,,0.018014270812273026,,0.06552314758300781,,0.8243256211280823,51198
51206,,,-143.58035732683476,119.55198944561687,,-77.9471444199079,,183.0,-2.6593953442703833,21.054045931237642,0.6849220856861884,,,,,0.01656334288418293,,0.07404711097478867,,0.8520105481147766,51206
51274,-118.74267314067109,44.86993465035387,,,-123.89223511047926,,220.0,,,,,,,,0.019619204103946686,,0.06191657856106758,,0.8571692109107971,,51274
51339,-118.21493596807267,44.88867582898218,,,-103.69160637134048,,184.0,,,,,,,,0.017014505341649055,,0.05669358745217323,,0.8688966035842896,,51339
51345,-116.61024154826659,46.5654712375014,,,-29.51357837429547,,480.0,,,,,,,,0.032322611659765244,,0.10013198107481003,,0.8551947474479675,,51345
51401,-116.3805026386037,46.56697875925795,,,-110.44633684436666,,186.0,,,,,,,,0.02152422070503235,,0.07354985922574997,,0.8314117789268494,,51401
51420,-116.01566653164485,46.54190906377614,,,-110.27616827770561,,208.0,,,,,,,,0.024419061839580536,,0.07845050096511841,,0.8013851046562195,,51420
51486,-116.08830708498571,46.571671920993865,,,-136.94361397642535,,235.0,,,,,,,,0.02904578484594822,,0.09673567116260529,,0.8332769870758057,,51486
51487,-116.60216304026751,46.52111841903388,,,-124.61236760500866,,187.0,,,,,,,,0.03151228651404381,,0.08903137594461441,,0.8155117630958557,,51487
51500,,,,,,,,,,,,60.80945587158203,63.70378875732422,2.072343349456787,,,,,,,51487
51502,-116.25029490389714,46.51797206668383,,,-108.04549639214447,,176.0,,,,,,,,0.017079288139939308,,0.05232512950897217,,0.8699453473091125,,51502
51519,-111.63878405922055,55.94971550471386,,,106.12981594722893,,146.0,,,,,,,,0.05755676329135895,,0.15623143315315247,,0.8012515902519226,,51519
51520,,,-143.11659324411653,119.70187257968699,,-93.09234653732766,,237.0,-49.216805386895366,49.79388460604953,0.969965337595727,,,,,0.017670918256044388,,0.06074775010347366,,0.8228938579559326,51520
51551,-111.77862443391123,55.94467316471167,,,-113.18737937379063,,192.0,,,,,,,,0.021620361134409904,,0.06751788407564163,,0.8617328405380249,,51551
51584,-111.55508266287713,55.899876088246586,,,-117.2849593807309,,196.0,,,,,,,,0.025590797886252403,,0.0792192667722702,,0.8403183817863464,,51584
51621,-111.03476251351043,55.71856056860093,,,-117.73470967003304,,217.0,,,,,,,,0.020862257108092308,,0.06999135762453079,,0.85354083776474,,51621
51622,,,-141.2187291289299,115.97022146321395,,-326.4146832137823,,480.0,-36.09402624269327,40.37589501837889,0.06301980692672098,,,,,0.047097235918045044,,0.13445834815502167,,0.8369489312171936,51622
51638,,,-148.42384160534127,123.56726167858267,,-451.2327533948053,,480.0,-14.94044178724289,31.347476772467296,-0.07386525165218355,,,,,0.051911599934101105,,0.14619001746177673,,0.8304973840713501,51638
51653,,,-148.23733274374953,123.6435412179804,,-93.11496960032002,,205.0,-17.91688627527981,25.00103865222233,0.9389789664574438,,,,,0.01773175597190857,,0.06101928651332855,,0.868829607963562,51652
51705,-111.55141709422398,55.88244571431143,,,-141.90962369875277,,216.0,,,,,,,,0.028414590284228325,,0.09292668849229813,,0.8649454116821289,,51705
51715,-112.04954503300846,55.87484408942444,,,-123.40094981328207,,179.0,,,,,,,,0.03372546285390854,,0.11085687577724457,,0.8400768637657166,,51715
51757,-111.93288893990893,55.84384010045317,,,-123.92069523185053,,209.0,,,,,,,,0.027708984911441803,,0.08632849901914597,,0.8391929864883423,,51757
51799,-112.5691803223799,55.90856587718656,,,-133.84224127484154,,230.0,,,,,,,,0.023887330666184425,,0.07261987030506134,,0.870099663734436,,51799
51841,-109.50093117024693,51.15254860954575,,,-117.30522226567719,,214.0,,,,,,,,0.02246580831706524,,0.06917575001716614,,0.8481548428535461,,51841
51862,-109.18467836520935,51.18809535386986,,,-95.68495193285274,,179.0,,,,,,,,0.017948824912309647,,0.05674710497260094,,0.815610408782959,,51862
51869,-109.7391420567506,51.230452241060874,,,-127.23550876153327,,189.0,,,,,,,,0.03041374869644642,,0.10787062346935272,,0.8135405778884888,,51869
51902,,,-148.12049538605527,123.70770058094833,,-77.34349448057442,,177.0,-13.30054539644112,13.437995727116105,0.9546258762864211,,,,,0.013706792145967484,,0.04213538393378258,,0.7986528873443604,51902
51929,-109.91757656756747,51.211638464539895,,,-108.88857791331485,,189.0,,,,,,,,0.015501930378377438,,0.050555918365716934,,0.879489004611969,,51929
51951,-109.87130022492036,51.21599419500048,,,-103.91706289102473,,186.0,,,,,,,,0.017085077241063118,,0.060032546520233154,,0.8411447405815125,,51951
51954,-110.09346116078977,51.24191045169043,,,-121.51253429075963,,189.0,,,,,,,,0.030589468777179718,,0.10257482528686523,,0.84244304895401,,51954
51986,-109.73844338184486,51.21033533244442,,,-105.59653579053179,,189.0,,,,,,,,0.02403254620730877,,0.09134455770254135,,0.8380067348480225,,51986
51991,,,-138.10640894641992,106.86842028101556,,-86.62500271163967,,163.0,54.16652829954229,54.16652829954229,0.7406221058051633,,,,,0.020061539486050606,,0.05806592106819153,,0.8136507272720337,51991
52000,,,,,,,,,,,,58.18820571899414,59.66038513183594,2.0791468620300293,,,,,,,51991
52035,-105.68981857338453,42.15564922999823,,,-110.90429332863606,,190.0,,,,,,,,0.022377820685505867,,0.07916592806577682,,0.8695268034934998,,52035
52039,,,-137.94218412891888,106.92628097703044,,-96.25594519468554,,228.0,-22.256819449234428,25.246833156859665,0.9503856504665128,,,,,0.016773032024502754,,0.05789908766746521,,0.8802259564399719,52039
52070,-105.967019305234,42.24149457861219,,,-125.8267689530233,,210.0,,,,,,,,0.024919820949435234,,0.08896135538816452,,0.8503884077072144,,52070
52087,,,-137.43405897191155,107.12518325347322,,-83.09046828981684,,288.0,-116.84598203106887,119.29407025314867,-0.6011590639040758,,,,,0.0485311858355999,,0.1396109014749527,,0.8376343846321106,52086
52141,-106.64366933683374,42.34629838540633,,,-129.7723394374435,,225.0,,,,,,,,0.029053151607513428,,0.09732215106487274,,0.8395631313323975,,52141
52166,-106.93793953671982,42.42484189660398,,,-125.46067066394014,,225.0,,,,,,,,0.027779046446084976,,0.08661599457263947,,0.8038895130157471,,52166
52201,-107.26584826059724,42.511127483167435,,,-126.4745966858591,,225.0,,,,,,,,0.02526562474668026,,0.08770179003477097,,0.8691821098327637,,52201
52231,-106.55379852904643,42.2926271753525,,,-102.12006348684952,,180.0,,,,,,,,0.01389273814857006,,0.0502067431807518,,0.899391770362854,,52231
52268,-106.22370451150344,42.10115732550724,,,-122.61255694560916,,200.0,,,,,,,,0.029236581176519394,,0.08664713054895401,,0.7911497354507446,,52268
52299,-106.25138269725142,42.10314635922143,,,-109.95507948438363,,188.0,,,,,,,,0.023240262642502785,,0.09285207092761993,,0.8390416502952576,,52299
52308,-105.85062272094945,42.075824038511705,,,-98.90150744645582,,183.0,,,,,,,,0.017723871394991875,,0.06381231546401978,,0.8083702921867371,,52308
52322,-105.80118633501208,42.06593093704558,,,-113.0091268986857,,167.0,,,,,,,,0.025217538699507713,,0.07708863168954849,,0.8232409954071045,,52322
52323,,,-151.08521426249683,139.01170110003085,,-773.0031322631992,,480.0,101.95596643475194,128.76142976768315,-0.7910660712175421,,,,,0.01669701188802719,,0.07457180321216583,,0.9331866502761841,52323
52329,,,-151.6150985797824,138.7613017076165,,-98.96577757099422,,175.0,-8.546047490664892,18.610032482828412,0.9543376507086943,,,,,0.018715262413024902,,0.0640486553311348,,0.862107515335083,52329
52371,-105.73001926151807,42.0482060798887,,,-114.46115107114167,,194.0,,,,,,,,0.020126570016145706,,0.07018093019723892,,0.8252614140510559,,52371
52423,-105.56484563925746,42.0262375149024,,,-107.10916283038652,,200.0,,,,,,,,0.020668230950832367,,0.07924915850162506,,0.8322134613990784,,52423
52425,-105.703511687862,42.08970189180667,,,-128.34983039425225,,209.0,,,,,,,,0.02413783222436905,,0.08496376872062683,,0.8723580241203308,,52425
52427,,,-158.60315145458875,143.98939255200997,,-435.57998973339903,,480.0,39.267431282500425,43.34017428507408,0.7300764484812942,,,,,0.11632905155420303,,0.28672856092453003,,0.7259868383407593,52426
52500,,,,,,,,,,,,56.0496826171875,58.510536193847656,2.0726912021636963,,,,,,,52426
52503,-105.78186292890543,42.1037788253295,,,-115.26475651808326,,218.0,,,,,,,,0.024947386234998703,,0.08072925359010696,,0.786010205745697,,52503
52527,-105.4819577153816,42.043554153732515,,,-106.58319195006524,,198.0,,,,,,,,0.02105184830725193,,0.07522881031036377,,0.8266133069992065,,52527
52534,-105.60648981244907,42.08255289377447,,,-121.83008273122182,,215.0,,,,,,,,0.026791119948029518,,0.08489083498716354,,0.8318705558776855,,52534
52594,,,-167.84792400938122,153.27476523264977,,-543.6296757155164,,480.0,-8.183293452858925,29.260094689329467,0.21027067922128698,,,,,0.042697321623563766,,0.12486372888088226,,0.8235740065574646,52594
52597,-108.63466368647465,35.26844514889218,,,-95.79589938224369,,180.0,,,,,,,,0.016598809510469437,,0.058658212423324585,,0.8537893295288086,,52597
52605,-108.32190442926294,35.07638381249191,,,-122.25821864307663,,219.0,,,,,,,,0.02156275324523449,,0.07857704162597656,,0.8623263239860535,,52605
52648,-108.57847992650687,35.06795597384984,,,-113.71254992625028,,197.0,,,,,,,,0.018580326810479164,,0.06228106468915939,,0.8858321905136108,,52648
52692,-107.98768691177041,34.768531141392224,,,-111.21047004572603,,200.0,,,,,,,,0.02242850512266159,,0.06576386094093323,,0.8429603576660156,,52692
52694,-108.01253025817363,34.76167634513359,,,-99.02877666612885,,175.0,,,,,,,,0.01815110445022583,,0.06526774168014526,,0.8489008545875549,,52694
52721,,,-168.24691067782737,153.07056553990847,,-99.62896046981274,,255.0,26.479416288114063,32.08195611355352,0.49331290275425416,,,,,0.021316029131412506,,0.08234064280986786,,0.8437078595161438,52721
52725,-107.9974859154163,34.761852441173424,,,-107.22200842622276,,174.0,,,,,,,,0.033368464559316635,,0.10493499785661697,,0.8070338368415833,,52725
52743,,,-167.17016065871564,153.52167124279538,,-76.56619381890276,,176.0,1.831161534244364,9.850198325785724,0.9690477590935005,,,,,0.009221221320331097,,0.03207571059465408,,0.8694881796836853,52743
52771,,,-166.37512320878938,153.90443724378113,,-72.89247974949184,,274.0,29.20813877434626,39.62287106000594,0.4210177645336195,,,,,0.005978141445666552,,0.031706929206848145,,0.9489016532897949,52771
52789,-108.06706824384977,34.74679149018547,,,-102.24933422548493,,217.0,,,,,,,,0.01699325628578663,,0.05228956416249275,,0.8554581999778748,,52789
52840,-108.18497917043918,34.726957320645525,,,-105.23059746556946,,196.0,,,,,,,,0.02166350930929184,,0.09232486039400101,,0.8326839208602905,,52840
52843,-108.68245495158834,34.76279081177577,,,-123.37330656274625,,200.0,,,,,,,,0.026265978813171387,,0.08613964915275574,,0.8446341753005981,,52843
52901,-108.7501085220811,34.77774030418543,,,-118.09084920506996,,168.0,,,,,,,,0.028652871027588844,,0.10513877868652344,,0.8124903440475464,,52901
52909,-108.84917614796028,34.7254656437833,,,-92.93907872994666,,185.0,,,,,,,,0.01949470117688179,,0.06883615255355835,,0.8263744115829468,,52909
52973,-109.32487989576435,35.08929255427439,,,-147.67742250068162,,204.0,,,,,,,,0.0253002792596817,,0.07956193387508392,,0.88898104429245,,52973
52977,-109.89820963435135,35.226490713004964,,,-132.35809330069023,,221.0,,,,,,,,0.02593366801738739,,0.08942218869924545,,0.852717936038971,,52977
53000,,,,,,,,,,,,52.40808868408203,51.711788177490234,2.0735714435577393,,,,,,,52977
53009,-111.71500065609716,33.32502432785765,,,-120.35312946158678,,209.0,,,,,,,,0.01815016008913517,,0.053610026836395264,,0.854674756526947,,53009
53025,-111.90823091132394,33.34511233499212,,,-120.1078496057051,,198.0,,,,,,,,0.025365488603711128,,0.09534190595149994,,0.8501438498497009,,53025
53026,,,-170.93518168073456,154.4292226536046,,-300.39860231954503,,480.0,-46.48461871676457,50.60573044352544,-0.4828076794916493,,,,,0.04597555845975876,,0.13525673747062683,,0.847167432308197,53026
53055,-111.99188605418117,33.34615969989807,,,-114.45892542056652,,178.0,,,,,,,,0.025440825149416924,,0.09220336377620697,,0.8271691799163818,,53055
53068,,,-170.50540948390116,154.61810578428887,,-92.06346938270288,,153.0,-2.1662292266203687,14.292192966719858,0.9630697891467945,,,,,0.02549389749765396,,0.08707025647163391,,0.8364701867103577,53068
53070,,,-170.48804691871817,154.62827898129945,,-79.46474942385396,,274.0,25.25418669964275,46.49139581087732,0.44539654920265886,,,,,0.012476178817451,,0.0827236995100975,,0.8658286929130554,53069
53122,-111.66205074846272,33.178867072765655,,,-120.45184869050378,,221.0,,,,,,,,0.028872450813651085,,0.09635031968355179,,0.8188796043395996,,53122
53185,-110.95033352763708,33.27497290617857,,,-89.02650656372658,,179.0,,,,,,,,0.019376900047063828,,0.07057623565196991,,0.7968966960906982,,53185
53194,-111.24106935565358,33.31180841999074,,,-122.58228779296975,,204.0,,,,,,,,0.027095269411802292,,0.09071602672338486,,0.8237777352333069,,53194
53199,-115.97192002546814,12.232932538343906,,,-130.4127175434984,,222.0,,,,,,,,0.033596210181713104,,0.11821141093969345,,0.7908369898796082,,53199
53241,,,-163.79675655259666,150.95727172179215,,-83.68603517213879,,184.0,-2.2408945417922475,17.02114030977954,0.9546172207693946,,,,,0.017541442066431046,,0.05721582844853401,,0.8328641057014465,53241
53274,-115.86210107831488,12.281985954623012,,,-107.69643201612816,,180.0,,,,,,,,0.02838522009551525,,0.08043963462114334,,0.8207069635391235,,53274
53279,-116.02601209331807,12.354355406406118,,,-125.480510130891,,206.0,,,,,,,,0.018361281603574753,,0.0670456737279892,,0.8954721093177795,,53279
53310,-116.0773002448546,12.366659316007652,,,-120.29911724685837,,195.0,,,,,,,,0.03381986543536186,,0.10214579105377197,,0.8120407462120056,,53310
53394,-115.50513793244485,11.807405077702818,,,-113.30150807826637,,191.0,,,,,,,,0.028460342437028885,,0.10813599079847336,,0.8399007320404053,,53394
53398,-115.27702357014934,11.762750122184276,,,-111.99523169850609,,253.0,,,,,,,,0.013757172040641308,,0.04251071810722351,,0.8720649480819702,,53398
53399,-114.94772453528797,11.746618229469437,,,-107.4557434887816,,197.0,,,,,,,,0.015591935254633427,,0.050418782979249954,,0.8396338224411011,,53399
53437,-114.7178060275191,11.484115339540887,,,-122.3463158863989,,224.0,,,,,,,,0.020559297874569893,,0.06533550471067429,,0.7908104062080383,,53437
53438,,,-162.65422735621988,151.40196339959925,,-75.82059918289511,,174.0,-18.14100171128909,20.427278015462832,0.8343474927501469,,,,,0.010963416658341885,,0.036872487515211105,,0.8572419881820679,53438
53450,,,-162.7547845462076,151.35547409549088,,-95.23347199767335,,204.0,10.105637296157724,11.597239483220905,0.7481741627102853,,,,,0.013855400495231152,,0.043116889894008636,,0.8426097631454468,53450
53500,,,,,,,,,,,,47.948158264160156,55.29618835449219,2.072502613067627,,,,,,,53450
53502,-114.67656438005206,11.478450649630071,,,-115.2431398923247,,206.0,,,,,,,,0.025102220475673676,,0.08236334472894669,,0.8335185647010803,,53502
53504,-114.74641738534818,11.372804385083594,,,-99.17760219765928,,186.0,,,,,,,,0.016027754172682762,,0.04826393350958824,,0.8808935284614563,,53504
53533,,,-167.38532121747076,151.8629908844741,,-297.45016796774996,,480.0,-42.860011186202364,55.406892359256744,0.02230846069644938,,,,,0.049769703298807144,,0.14480292797088623,,0.8418575525283813,53533
53558,-114.28931941417758,11.320830010600183,,,-104.38061020300246,,180.0,,,,,,,,0.017847761511802673,,0.0692669004201889,,0.8915166258811951,,53558
53608,-114.24257808103332,11.347824492091982,,,-106.55151125610122,,177.0,,,,,,,,0.02609081193804741,,0.08767963200807571,,0.8183584213256836,,53608
53621,-114.30715986454666,11.297956003690208,,,-107.14615206669124,,173.0,,,,,,,,0.021374482661485672,,0.08790487796068192,,0.8694334030151367,,53621
53638,-114.49752208173913,11.49620471622088,,,-131.0306451503843,,194.0,,,,,,,,0.037282172590494156,,0.11853846907615662,,0.7885221838951111,,53638
53657,,,-167.33328731688454,151.89250375828203,,-79.91560102906286,,167.0,-11.41333001887727,13.045921476301318,0.9618910171315426,,,,,0.010827125981450081,,0.03520990535616875,,0.8709477186203003,53657
53693,-114.3422199828201,11.666585830426627,,,-97.83143084458034,,179.0,,,,,,,,0.023729097098112106,,0.0786634311079979,,0.7866679430007935,,53693
53711,-114.27916338115215,11.693486370522109,,,-107.75146324523729,,176.0,,,,,,,,0.0204455703496933,,0.0735212117433548,,0.8606283068656921,,53711
53727,-114.02276227931127,11.577448796661493,,,-113.00671386097939,,185.0,,,,,,,,0.028533227741718292,,0.10225047171115875,,0.8270984292030334,,53727
53755,-113.26632777899476,11.75787982987949,,,-91.950614421619,,165.0,,,,,,,,0.01395411603152752,,0.04622303321957588,,0.8520510196685791,,53755
53793,,,-167.76699546111936,151.65581062869825,,-95.56318008405005,,176.0,-6.3098240413449025,13.381037812341344,0.9589471722132652,,,,,0.01903516799211502,,0.0661216527223587,,0.8260551691055298,53793
53815,-113.26877243864017,11.760427414489298,,,-125.5829036462105,,199.0,,,,,,,,0.02679971233010292,,0.08785144239664078,,0.8656419515609741,,53815
53817,-113.09208329973951,11.626294985097784,,,-117.64013974082712,,186.0,,,,,,,,0.032488636672496796,,0.11852274090051651,,0.8352901935577393,,53817
53837,-113.0544943403566,11.664682689992379,,,-100.24061551770296,,168.0,,,,,,,,0.024304401129484177,,0.07637234777212143,,0.8367030620574951,,53837
53861,,,-174.5405875135571,156.1813700060762,,-441.7225009601268,,480.0,63.99187373407185,66.22176846849422,-0.11949682334833686,,,,,0.12349344044923782,,0.3118613064289093,,0.7357597947120667,53861
53921,-113.0082140067169,11.631211166528427,,,-120.29854026362374,,217.0,,,,,,,,0.02841239422559738,,0.09320304542779922,,0.8066180944442749,,53921
53997,-113.18619608701432,11.651200374098506,,,-118.85418349925574,,198.0,,,,,,,,0.02063264697790146,,0.0762089341878891,,0.9059377908706665,,53997
54000,,,,,,,,,,,,52.542354583740234,56.557464599609375,2.069661855697632,,,,,,,53997
54018,-114.50489971683642,13.538312765519247,,,-164.8366889375614,,480.0,,,,,,,,0.021561946719884872,,0.07322990149259567,,0.8764312863349915,,54018
54049,-114.97073542024744,13.87535534670365,,,-136.30091206923578,,194.0,,,,,,,,0.02682747133076191,,0.08582116663455963,,0.8600776195526123,,54049
54084,-115.58908415874033,14.513121210678216,,,-145.37858799578552,,219.0,,,,,,,,0.031090496107935905,,0.0941840261220932,,0.8564803004264832,,54084
54099,-115.77364310248655,14.46269804742992,,,-116.33711001769711,,188.0,,,,,,,,0.01874358393251896,,0.05528261512517929,,0.8658729791641235,,54099
54130,-115.15152440655302,14.576914085473168,,,-97.24389559757658,,174.0,,,,,,,,0.02050049416720867,,0.06853430718183517,,0.8614576458930969,,54130
54146,-114.5495142732113,15.169327088892372,,,-85.16424985099731,,165.0,,,,,,,,0.012912462465465069,,0.04287536442279816,,0.8113195300102234,,54146
54147,,,-176.14583109358256,155.44606254866113,,-144.89917059522088,,263.0,-33.80132833315846,36.76623614523347,0.8452936496622943,,,,,0.03070272132754326,,0.09801036864519119,,0.8248178958892822,54147
54201,-115.16712891891576,15.458305027728422,,,-137.4639242352893,,195.0,,,,,,,,0.03537299111485481,,0.11271454393863678,,0.8476952314376831,,54201
54264,,,-176.7934431981881,155.0988548538282,,-109.4128971666899,,214.0,-5.489804386257012,9.46354351506055,0.9084197814572416,,,,,0.02507067658007145,,0.08195813000202179,,0.8085871934890747,54264
54266,-115.25953916097498,15.511579148126005,,,-126.45059483418247,,216.0,,,,,,,,0.020500600337982178,,0.07061965018510818,,0.9040157794952393,,54266
54353,-115.75315044946227,15.275244552899816,,,-120.47646380660812,,222.0,,,,,,,,0.021127628162503242,,0.07175219804048538,,0.8272724747657776,,54353
54357,-117.05085544863728,18.24100573323343,,,-187.1434686018261,,480.0,,,,,,,,0.05094077065587044,,0.14745357632637024,,0.8033784031867981,,54357
54368,-117.01363672060192,18.24967565691621,,,-111.85161352448239,,179.0,,,,,,,,0.022595947608351707,,0.0698729082942009,,0.8202013969421387,,54368
54408,,,-178.1640927442897,154.3628674669402,,-128.66033884691817,,249.0,-36.83771595801694,38.484025261009556,0.8740704082990666,,,,,0.02984163537621498,,0.09714236110448837,,0.8153492212295532,54408
54418,-116.99060802792312,18.25770867278031,,,-110.05903541178613,,165.0,,,,,,,,0.025524169206619263,,0.07353897392749786,,0.83187335729599,,54418
54457,-117.5890451721356,18.14921749313857,,,-128.95063387675285,,192.0,,,,,,,,0.031122641637921333,,0.09182074666023254,,0.7774605751037598,,54457
54475,-117.8579163042334,18.093136665559207,,,-120.66556503111302,,188.0,,,,,,,,0.03611135855317116,,0.10372621566057205,,0.7881504893302917,,54475
54500,,,,,,,,,,,,61.36958694458008,57.09140396118164,2.0745279788970947,,,,,,,54475
54540,-117.87601654724581,18.077959217296943,,,-103.15434637610674,,177.0,,,,,,,,0.026187799870967865,,0.07862076908349991,,0.7782886028289795,,54540
54548,-118.55968426776055,18.232519185148877,,,-139.41398349130617,,206.0,,,,,,,,0.03155015781521797,,0.10881488025188446,,0.8250007033348083,,54548
54573,-117.89105881744423,18.651908072239465,,,-89.94203404692993,,197.0,,,,,,,,0.013579638674855232,,0.044534601271152496,,0.8251698017120361,,54573
54583,-117.92903509487574,18.654209096350858,,,-119.98966307664608,,186.0,,,,,,,,0.026824643835425377,,0.08682461082935333,,0.8404268622398376,,54583
54584,,,-176.3438276448586,155.00767349034862,,-76.95202065872304,,153.0,-9.527085267640407,15.592144342029796,0.9300178499774533,,,,,0.015530765056610107,,0.0657360777258873,,0.8040866851806641,54584
54592,,,-168.6258221344931,149.85830338241036,,-81.2363344102389,,183.0,-32.18448965764436,32.18448965764436,0.9635479194724742,,,,,0.014805583283305168,,0.0486961230635643,,0.7835654616355896,54592
54608,,,-167.6917350497334,150.18241083125,,-92.75287328308372,,175.0,22.539318427358356,25.65556951727186,0.8623780551508741,,,,,0.020219773054122925,,0.06054385006427765,,0.8404911756515503,54608
54636,-118.25704946121104,18.35367716312992,,,-109.33979704671013,,180.0,,,,,,,,0.022390061989426613,,0.07099878042936325,,0.8355210423469543,,54636
54697,-117.26342919307613,18.076749932920936,,,-97.99640909393612,,173.0,,,,,,,,0.01853731833398342,,0.0609024353325367,,0.8589375019073486,,54697
54712,-117.58090280555723,18.47408694525096,,,-148.23177392474574,,217.0,,,,,,,,0.03252716735005379,,0.09772343188524246,,0.8366327881813049,,54712
54722,-117.52846236557207,18.469864235480358,,,-117.73110746232884,,186.0,,,,,,,,0.026960229501128197,,0.08534890413284302,,0.855108380317688,,54722
54802,-118.16477279905607,19.085547524845303,,,-151.9233712799042,,249.0,,,,,,,,0.034580036997795105,,0.11377439647912979,,0.838581383228302,,54802
54814,-118.26066550496725,19.078730880192104,,,-119.2535607161268,,203.0,,,,,,,,0.024831051006913185,,0.0863254964351654,,0.8789747953414917,,54814
54832,-118.31517493745655,19.088804177735387,,,-123.17732031496804,,217.0,,,,,,,,0.025848736986517906,,0.08364026248455048,,0.8305717706680298,,54832
54839,,,-167.40165149024645,150.27715093901097,,-111.23017038269435,,170.0,-22.21557233228403,26.836105971827227,0.9007038784305165,,,,,0.028861921280622482,,0.09551996737718582,,0.8873238563537598,54839
54914,-118.8957192943683,18.624990158682838,,,-118.05372440931507,,215.0,,,,,,,,0.021377436816692352,,0.07407128065824509,,0.8454431295394897,,54914
54922,-118.6666114334903,18.64867408020022,,,-111.12689474906983,,200.0,,,,,,,,0.020869102329015732,,0.06743966788053513,,0.869437038898468,,54922
54933,-118.2828345054284,18.60038246126876,,,-111.22387114040242,,172.0,,,,,,,,0.02045508474111557,,0.060061074793338776,,0.9013062715530396,,54933
54951,-117.92589854676773,18.967717938611173,,,-89.84963408309495,,174.0,,,,,,,,0.01234789565205574,,0.038021840155124664,,0.8424344062805176,,54951
54981,,,-167.55735621257259,150.177359184758,,-75.09089745304199,,160.0,-2.2256333284080028,12.108993966132402,0.8056467235539507,,,,,0.011256422847509384,,0.04512150213122368,,0.9043561220169067,54981
54994,-118.22621200632025,19.20237087978854,,,-140.49618310851685,,220.0,,,,,,,,0.028547927737236023,,0.09320291876792908,,0.8553858399391174,,54994
54996,,,-163.61602484852375,150.34532459668003,,-60.64980676834608,,170.0,9.454650244642707,17.489333898530287,0.9295198365350891,,,,,0.004866932984441519,,0.016386792063713074,,0.8915442228317261,54996
55000,,,,,,,,,,,,60.276885986328125,57.67811584472656,2.0726559162139893,,,,,,,54996
55042,-117.55798996465398,19.693659883637352,,,-86.88801516354553,,178.0,,,,,,,,0.0142099279910326,,0.046352505683898926,,0.8382689356803894,,55042
55045,,,-161.50112373121792,150.6207670612939,,-90.08729505553941,,238.0,5.3828682924519065,11.274526578538557,0.9543288544029374,,,,,0.0118457255885005,,0.03640943393111229,,0.8504153490066528,55045
55058,-117.14759682362846,19.989662466744477,,,-92.78185102698909,,167.0,,,,,,,,0.018686091527342796,,0.05759788677096367,,0.7992997169494629,,55058
55114,-117.44496910118959,20.021372273943598,,,-126.86384557656291,,194.0,,,,,,,,0.028544479981064796,,0.09226882457733154,,0.8560705780982971,,55114
55165,-117.81978809339996,20.00627449944108,,,-126.19669309930059,,165.0,,,,,,,,0.03556711971759796,,0.12271636724472046,,0.844666600227356,,55165
55177,-117.77125801875184,19.998176844970804,,,-119.91981215399171,,215.0,,,,,,,,0.017474807798862457,,0.052570704370737076,,0.8765246272087097,,55177
55187,-117.78387292330983,19.996777011308783,,,-115.87388512022478,,206.0,,,,,,,,0.029876379296183586,,0.0969642847776413,,0.7960823178291321,,55187
55257,-117.92585143987188,19.88907857258201,,,-106.27652802576138,,188.0,,,,,,,,0.020522676408290863,,0.067832350730896,,0.7993514537811279,,55257
55281,-117.81069662203818,19.983613712541512,,,-98.62286931131685,,203.0,,,,,,,,0.01391628384590149,,0.04913310706615448,,0.8075217604637146,,55281
55282,-118.16842521494941,19.938903417656565,,,-124.43794090166256,,228.0,,,,,,,,0.022332532331347466,,0.07002515345811844,,0.8098006248474121,,55282
55283,,,-160.76922016972924,150.97111862314077,,-70.65376406765775,,209.0,-26.35511693144529,26.94890282770093,0.8740719818979842,,,,,0.00906296819448471,,0.02611023746430874,,0.8204614520072937,55283
55311,-118.05474598717092,20.017469916873583,,,-101.46219067776707,,171.0,,,,,,,,0.02142670564353466,,0.07883980125188828,,0.8184058666229248,,55311
55340,,,-160.0125916206538,151.10819358929055,,-114.1120219927603,,208.0,-0.903981528029992,16.904143967880653,0.8714669871390758,,,,,0.01988057605922222,,0.06537626683712006,,0.8781291842460632,55340
55343,,,-158.5985833030987,151.67529253935592,,-63.23855241918443,,200.0,-13.937041742503643,20.61984372884035,0.92162340320569,,,,,0.004589001648128033,,0.016767559573054314,,0.8190175294876099,55343
55351,-117.94057525259923,19.959330621780722,,,-125.32210842179995,,199.0,,,,,,,,0.03232578933238983,,0.10890726745128632,,0.8256756067276001,,55351
55428,-118.08257528337084,19.840663220979085,,,-104.93143238316176,,210.0,,,,,,,,0.013961244374513626,,0.05385860055685043,,0.8737269043922424,,55428
55446,-118.30865590187659,19.785982374059127,,,-119.05549417052487,,203.0,,,,,,,,0.026689594611525536,,0.07976879179477692,,0.8497710227966309,,55446
55450,-118.10021953257704,19.895330454339103,,,-102.58489539600211,,199.0,,,,,,,,0.02004260942339897,,0.07189887762069702,,0.8157472610473633,,55450
55466,,,-158.51283704050846,151.70878998254724,,-97.15237999311023,,172.0,-36.47143592321596,36.8150253247383,0.9666525773787017,,,,,0.02324518747627735,,0.07130257785320282,,0.8067400455474854,55465
55500,,,,,,,,,,,,52.64408874511719,66.44754791259766,2.0720269680023193,,,,,,,55465
55548,-119.02940738243393,19.73662828721763,,,-138.41000691446337,,230.0,,,,,,,,0.030374009162187576,,0.09654992073774338,,0.8106181025505066,,55548
55554,-118.50408354465961,19.904054163001796,,,-99.31671175749379,,193.0,,,,,,,,0.02310779131948948,,0.0882052406668663,,0.8076872825622559,,55554
55583,-118.51101771255806,19.90381236628967,,,-117.98684813575004,,226.0,,,,,,,,0.024699559435248375,,0.07767247408628464,,0.8206100463867188,,55583
55625,-118.84117343943815,19.734201992327737,,,-116.74840186170779,,214.0,,,,,,,,0.02234014682471752,,0.07292229682207108,,0.8477717041969299,,55625
55676,-118.72560938686412,19.74224625779781,,,-114.52033763492298,,188.0,,,,,,,,0.02378210797905922,,0.07683085650205612,,0.8185645341873169,,55676
55694,-118.99197995006087,19.831830338900676,,,-132.1727116590917,,211.0,,,,,,,,0.025965707376599312,,0.08229619264602661,,0.8413241505622864,,55694
55700,-118.12393183528238,18.725184568424385,,,-121.43428319863817,,225.0,,,,,,,,0.02492464892566204,,0.10059434175491333,,0.816215455532074,,55700
55701,,,-158.89077295604605,151.54516959632923,,-102.50609769778643,,181.0,51.29779175895354,51.42734233450494,0.7214687436098605,,,,,0.026247352361679077,,0.08618995547294617,,0.8126394152641296,55701
55706,,,-159.97221180240362,151.33996346975997,,-157.73080165420987,,285.0,-11.57789512851782,13.710225228259437,0.8705784616268581,,,,,0.0364547036588192,,0.11600953340530396,,0.8065967559814453,55706
55750,,,-157.46615512788793,151.4073642574942,,-91.99654814562993,,203.0,-31.621242427179965,31.73278390451018,0.8559329278473655,,,,,0.017989668995141983,,0.06350070983171463,,0.851126492023468,55750
55769,-117.77790114589881,18.54508225327658,,,-118.99937760005633,,220.0,,,,,,,,0.031209314242005348,,0.10986790806055069,,0.7922767996788025,,55769
55774,-117.03385356511892,18.16519640809058,,,-108.17620895679093,,160.0,,,,,,,,0.027462920174002647,,0.07790558785200119,,0.8717430830001831,,55774
55848,-117.2755274409231,18.234568762860224,,,-128.42080380790708,,218.0,,,,,,,,0.021248409524559975,,0.06152970716357231,,0.8601510524749756,,55848
55873,-117.50883351204719,18.050475055761602,,,-108.90919915378055,,198.0,,,,,,,,0.01996893249452114,,0.06457404047250748,,0.826990008354187,,55873
55909,-118.37709406649479,17.509784138672433,,,-128.57727757337682,,210.0,,,,,,,,0.022912461310625076,,0.08520230650901794,,0.8804609775543213,,55909
55918,-118.2604971802173,17.40137228813632,,,-131.63407992141592,,199.0,,,,,,,,0.031691547483205795,,0.09787991642951965,,0.8095909357070923,,55918
55955,-117.61819366192469,17.677721490753765,,,-94.33541891955159,,170.0,,,,,,,,0.01748494803905487,,0.06370753049850464,,0.8180737495422363,,55955
56000,,,,,,,,,,,,56.162506103515625,70.8692855834961,2.075880765914917,,,,,,,55955
56034,,,-165.91692734444507,159.1365889402018,,-514.9753233519111,,480.0,22.69393792959551,44.737384319181245,-0.6252403116835022,,,,,0.051506903022527695,,0.15042124688625336,,0.8337318301200867,56034
56048,-117.67604899873645,17.69170947727718,,,-123.36923064719585,,221.0,,,,,,,,0.024765316396951675,,0.08735349774360657,,0.8465267419815063,,56048
56068,-116.86581126103664,15.251036319225353,,,-146.63158171683628,,480.0,,,,,,,,0.03617465868592262,,0.1292143166065216,,0.8382644057273865,,56068
56082,-116.69673121995953,15.35221564736188,,,-103.39761147062647,,196.0,,,,,,,,0.024626081809401512,,0.10891060531139374,,0.8093194365501404,,56082
56114,-116.62293995231073,15.392756272574672,,,-106.36947202934651,,188.0,,,,,,,,0.020539164543151855,,0.06188536435365677,,0.8514364361763,,56114
56131,,,-165.63906827976908,159.25822781381672,,-89.13937902962589,,219.0,-20.667052822570277,21.08579658645473,0.9723967455926058,,,,,0.012589888647198677,,0.04364406317472458,,0.8580294847488403,56130
56144,,,-157.10721995599005,152.44243376882383,,-72.58029288185526,,217.0,21.845613324971794,30.36191899353458,0.2407359974107628,,,,,0.011475966311991215,,0.04931250959634781,,0.855211615562439,56144
56156,-115.87819661742857,15.676495112276037,,,-91.71346713264482,,170.0,,,,,,,,0.01552646141499281,,0.048865120857954025,,0.8397997617721558,,56156
56201,-115.84067520655846,15.667234163315236,-156.5232523515283,152.67421751089756,-118.7894944876068,-81.66381792007883,176.0,196.0,5.561947068389581,13.993583236421857,0.9745150932766568,,,,0.02655724622309208,0.014379889704287052,0.09285060316324234,0.04681551828980446,0.8103516697883606,0.8152960538864136,56201
56252,-116.2683125441307,15.60681714798757,,,-124.53621325471786,,234.0,,,,,,,,0.01817351020872593,,0.07041950523853302,,0.8626556992530823,,56252
56275,-115.66660929567499,15.279377731387473,,,-109.32882106852134,,208.0,,,,,,,,0.018772942945361137,,0.0632028803229332,,0.8136768341064453,,56275
56345,-116.17478417524457,14.831320295356461,,,-115.350778025409,,194.0,,,,,,,,0.019299013540148735,,0.06926853954792023,,0.8507528901100159,,56345
56347,-115.94215385184317,14.860850419112577,,,-108.35814690657534,,236.0,,,,,,,,0.018634779378771782,,0.049090974032878876,,0.8473337888717651,,56347
56364,-116.21217137957285,14.861087943168801,,,-122.84067343319408,,179.0,,,,,,,,0.02869579568505287,,0.10293310880661011,,0.8358150720596313,,56364
56417,-116.191975045093,14.886494040399258,,,-96.9865923699456,,197.0,,,,,,,,0.01742630824446678,,0.061110369861125946,,0.8756980299949646,,56417
56445,-115.76311978514262,14.252675437461841,,,-126.78901092722664,,193.0,,,,,,,,0.030314898118376732,,0.10142716020345688,,0.8468590974807739,,56445
56454,-115.83503242535109,14.271482174897683,,,-121.32673947275187,,225.0,,,,,,,,0.022441770881414413,,0.07213427871465683,,0.8558638691902161,,56454
56455,,,-155.69835295777577,153.0547208737594,,-64.97614986612142,,231.0,34.06880300075977,35.01623260820067,0.003269425711210524,,,,,0.005504576023668051,,0.02108466811478138,,0.8734299540519714,56455
56486,-115.01396561775915,13.320912639273105,,,-110.87003090030704,,192.0,,,,,,,,0.026180312037467957,,0.08918313682079315,,0.813856840133667,,56486
56500,,,,,,,,,,,,52.64253616333008,56.44739532470703,2.073869466781616,,,,,,,56486
56503,,,-156.14294216523626,152.8603879492154,,-100.17660479293352,,192.0,-29.516272542066872,29.819067118378978,0.9577258689337914,,,,,0.019480647519230843,,0.06913655996322632,,0.8308112025260925,56503
56542,-115.31478665146513,13.580559772144692,,,-134.29461240142635,,240.0,,,,,,,,0.024816706776618958,,0.07260047644376755,,0.8268886804580688,,56542
56593,-115.13051899733189,13.535056568296591,,,-113.96393760830561,,197.0,,,,,,,,0.02067793905735016,,0.061823680996894836,,0.8327367901802063,,56593
56608,-115.41347861423668,13.7395522332117,,,-132.20170525455464,,258.0,,,,,,,,0.02166718617081642,,0.06930625438690186,,0.8311581611633301,,56608
56627,,,-157.96201262334515,156.72723579740634,,-446.7415116746627,,480.0,-30.91358113947014,45.84882643086215,-0.6152700015707601,,,,,0.039324868470430374,,0.1144789308309555,,0.9054948687553406,56627
56661,-115.53743126149845,13.728272921709982,,,-117.32452711215929,,190.0,,,,,,,,0.0264214389026165,,0.08455875515937805,,0.8293781876564026,,56661
56710,-115.74943606826992,13.741864586715703,,,-121.82411147897459,,233.0,,,,,,,,0.023728325963020325,,0.07792805880308151,,0.8414831757545471,,56710
56745,-116.07088110883674,13.313569593132472,,,-105.92188611143722,,180.0,,,,,,,,0.020125500857830048,,0.07257107645273209,,0.858339786529541,,56745
56785,-115.40956759721512,12.898643855364826,,,-107.430507527434,,188.0,,,,,,,,0.020049985498189926,,0.0719861313700676,,0.8600088953971863,,56785
56813,-113.41680964144541,21.786033223090993,,,12.749882624939508,,288.0,,,,,,,,0.053076572716236115,,0.15646645426750183,,0.7828004360198975,,56813
56826,-109.31803543906112,38.30123841097637,,,112.15685909222621,,130.0,,,,,,,,0.05380580946803093,,0.15574590861797333,,0.8381597995758057,,56826
56835,-108.55038549444883,38.3265158720394,,,-88.48134834594929,,176.0,,,,,,,,0.017215821892023087,,0.053882062435150146,,0.8409069180488586,,56835
56844,,,-150.10656542116624,151.59015564050458,,-58.46039328586084,,157.0,8.429215919819606,16.6696029313051,0.7976628336191375,,,,,0.003947397228330374,,0.01109764538705349,,0.816164493560791,56844
56892,-108.31622759470825,38.25368531807578,,,-114.48879811227182,,185.0,,,,,,,,0.02294580265879631,,0.07804267853498459,,0.8118655681610107,,56892
56915,-108.35335615815075,38.265828584342024,,,-121.77624032611584,,199.0,,,,,,,,0.02613995224237442,,0.09234153479337692,,0.836146891117096,,56915
56937,-108.40779272509218,38.27842243946325,,,-118.59571346729625,,222.0,,,,,,,,0.021863523870706558,,0.07660775631666183,,0.8531970977783203,,56937
56973,,,-149.79745921637743,151.72175185034143,,-77.65965936087959,,180.0,-5.452462036410967,16.66846556233035,0.9611872675770977,,,,,0.01324691716581583,,0.04191117733716965,,0.8331952691078186,56973
56975,-108.49293135866422,38.27832153170825,,,-110.53345970436347,,222.0,,,,,,,,0.021911147981882095,,0.08288110792636871,,0.8666331171989441,,56975
56982,,,-160.49088792227306,164.53889761612172,,-612.0149297753561,,480.0,20.669352481265864,34.83430956453085,0.015195205514132715,,,,,0.02406931482255459,,0.0775974690914154,,0.873371422290802,56982
57000,,,,,,,,,,,,51.32648849487305,48.52070236206055,2.066282272338867,,,,,,,56982
57035,-109.02403308148416,38.32189019775252,,,-125.17795545231368,,200.0,,,,,,,,0.031710412353277206,,0.10497190058231354,,0.8276776671409607,,57035
57042,,,-159.91012534362378,164.8495462114836,,-57.58687377917415,,322.0,13.917310550808907,19.105164932630817,0.6345713684435016,,,,,0.0016061867354437709,,0.004858444444835186,,0.8909168243408203,57042
57068,-108.95589156856575,38.297442921874755,,,-121.03086525574221,,214.0,,,,,,,,0.021844565868377686,,0.0669136494398117,,0.8511761426925659,,57068
57111,-109.0194709894532,38.28758700706578,,,-104.64116172213996,,196.0,,,,,,,,0.021159157156944275,,0.06794176995754242,,0.7816005349159241,,57111
57144,-109.00117528588719,38.280010244064705,,,-124.40732324349882,,178.0,,,,,,,,0.023472286760807037,,0.08341259509325027,,0.8887475728988647,,57144
57185,-109.11507417218678,38.276203844897175,,,-110.62637669814168,,205.0,,,,,,,,0.026568332687020302,,0.07999445497989655,,0.8269063830375671,,57185
57203,-108.71642117342417,38.274397588351725,,,-99.12284423239494,,209.0,,,,,,,,0.01923569291830063,,0.08833986520767212,,0.8281400203704834,,57203
57244,-108.81821007140442,38.264722085171755,,,-107.67434029501484,,166.0,,,,,,,,0.025311853736639023,,0.09170766919851303,,0.8493553996086121,,57244
57250,-107.87870539718315,38.10297200956126,,,-91.43477320339933,,180.0,,,,,,,,0.013376484625041485,,0.04175206646323204,,0.8498291373252869,,57250
57269,,,-160.21254408893762,164.74633182356797,,-111.3768824603767,,193.0,0.4156602874321023,23.50731452635533,0.8716179768818391,,,,,0.02280058152973652,,0.09206847101449966,,0.8937472701072693,57269
57270,-107.94046326712485,38.09154529121407,,,-102.40460525457951,,202.0,,,,,,,,0.019920460879802704,,0.06422986090183258,,0.800396203994751,,57270
57297,-107.72772425969248,38.064536555185136,,,-107.34989776413148,,168.0,,,,,,,,0.022038916125893593,,0.0738920196890831,,0.8807885050773621,,57297
57307,,,-160.8437369814815,164.50993239323938,,-114.65011291701136,,198.0,-41.62117048887291,41.62117048887291,0.9453958609355939,,,,,0.022864149883389473,,0.07336429506540298,,0.8645725846290588,57307
57346,-107.79254640606035,38.08259860029332,,,-119.98950918010192,,198.0,,,,,,,,0.02624351531267166,,0.0878569558262825,,0.8302038908004761,,57346
57359,,,-147.07427107998504,139.62669295738118,,-84.52983718837606,,187.0,-12.744976743816691,19.308181429769903,0.8927279197305112,,,,,0.015695776790380478,,0.05662398412823677,,0.8684872388839722,57358
57422,-108.0010161465406,38.14733175382171,,,-124.94382465893452,,202.0,,,,,,,,0.027517525479197502,,0.08444074541330338,,0.8047836422920227,,57422
57429,-106.19811580552958,39.081103312376094,,,-42.02769460854056,,270.0,,,,,,,,0.047648701816797256,,0.13119176030158997,,0.8444338440895081,,57429
57457,-106.20815996294972,39.08508217223013,-146.79232357088662,139.73774275954912,-121.9364910696453,-84.86840211607371,197.0,159.0,69.21728218426495,69.43395084704993,0.6322786565120195,,,,0.027391616255044937,0.026359768584370613,0.08244028687477112,0.09624213725328445,0.8615691065788269,0.8478245139122009,57457
57500,,,,,,,,,,,,54.618263244628906,53.78487014770508,2.079331159591675,,,,,,,57457
57521,-105.82155312469794,39.052235294738324,,,-99.66903568746798,,178.0,,,,,,,,0.0247244480997324,,0.08684872090816498,,0.817441463470459,,57521
57523,-105.9877618520304,39.07957845121866,,,-116.48664532341296,,192.0,,,,,,,,0.022049061954021454,,0.07185116410255432,,0.8118758201599121,,57523
57554,-105.30116071108823,38.980866880200956,,,-94.0907467607996,,152.0,,,,,,,,0.022920509800314903,,0.07812124490737915,,0.842208981513977,,57554
57590,-105.73995630406124,39.142162721495374,,,-130.84897880242985,,192.0,,,,,,,,0.029562819749116898,,0.09871812909841537,,0.8836527466773987,,57590
57648,-105.79781318361343,39.17799788548459,,,-131.47012155098736,,193.0,,,,,,,,0.031156063079833984,,0.10735513269901276,,0.838642954826355,,57648
57651,-105.57086132773651,39.06036598707564,,,-120.28648712756853,,171.0,,,,,,,,0.036445021629333496,,0.10535327345132828,,0.7930381298065186,,57651
57656,-105.98935578720291,39.04983986224447,,,-115.26014189287254,,190.0,,,,,,,,0.02279243804514408,,0.07678070664405823,,0.8482141494750977,,57656
57657,,,-139.36530087426362,133.93970393433716,,-64.2288549022494,,200.0,-62.66444497734308,62.66444497734308,0.9556452049334516,,,,,0.0043550035916268826,,0.013910249806940556,,0.8586875796318054,57657
57673,,,-129.83352939308992,121.18173015344213,,-67.04110165682988,,164.0,9.238041624426842,10.2136514270451,0.9639306541441359,,,,,0.010686679743230343,,0.04256150871515274,,0.8389544486999512,57673
57704,,,-129.52181055904012,121.27903220235851,,-84.04301876732323,,176.0,-31.801336641000077,31.801336641000077,0.950809714136604,,,,,0.017671313136816025,,0.059565220028162,,0.8170338869094849,57704
57717,-105.74574865076978,38.97858575658762,,,-111.18887382553969,,246.0,,,,,,,,0.01730671338737011,,0.06454771012067795,,0.8408786654472351,,57717
57786,-105.3761950773689,38.675613227182794,,,-128.15390304679187,,196.0,,,,,,,,0.03285783529281616,,0.10212739557027817,,0.7951177954673767,,57786
57795,-105.65145428846009,38.70951337597171,,,-117.16057202518544,,222.0,,,,,,,,0.017117971554398537,,0.061824508011341095,,0.8464561104774475,,57795
57828,-105.92372348899012,38.76144746261929,,,-119.98293205584955,,197.0,,,,,,,,0.02425045147538185,,0.08937866985797882,,0.8394652605056763,,57828
57868,-105.82395695129058,38.80429023047025,,,-86.72514024766785,,200.0,,,,,,,,0.011757858097553253,,0.035242851823568344,,0.797051191329956,,57868
57881,-105.68504683641609,38.77004457895448,,,-111.84398874388151,,174.0,,,,,,,,0.031132975593209267,,0.10857467353343964,,0.7979861497879028,,57881
57904,-105.09674246436218,38.702647313645386,,,-95.12099465202125,,171.0,,,,,,,,0.014838241040706635,,0.04261920601129532,,0.8339820504188538,,57904
57951,-105.30683788506258,38.75352956774575,-131.634551550172,121.25823971108288,-119.83359210354256,-182.20324337549818,205.0,387.0,-58.73658001823327,58.85357006082855,0.701092535284761,,,,0.030078893527388573,0.03333012014627457,0.08746790140867233,0.11892354488372803,0.8183783292770386,0.8687178492546082,57951
57988,-105.65489602900387,38.91996766944939,,,-132.7536852224734,,214.0,,,,,,,,0.02656433917582035,,0.09434347599744797,,0.8521265387535095,,57988
58000,,,,,,,,,,,,50.08042526245117,55.890480041503906,2.0576090812683105,,,,,,,57988
58002,-106.13911067425767,39.10077388021433,,,-132.56887916926524,,233.0,,,,,,,,0.028714431449770927,,0.10077357292175293,,0.8368496298789978,,58002
58028,,,-131.87198941693947,121.15456233127546,,-84.76437308786309,,190.0,-10.336430622872554,12.572359614152658,0.9268062261568512,,,,,0.01727547124028206,,0.05845850333571434,,0.8286027312278748,58028
58035,-105.22019013756181,39.23712569351579,,,-76.89464659840097,,176.0,,,,,,,,0.011774634942412376,,0.03643006086349487,,0.8119605779647827,,58035
58089,-105.47104981024954,39.22377691656392,,,-109.52957600433146,,202.0,,,,,,,,0.02231523022055626,,0.06884999573230743,,0.8307177424430847,,58089
58092,,,-127.31007947859865,118.99815799046381,,-72.30310540250518,,254.0,39.68054301837298,39.68054301837298,0.7539006276678546,,,,,0.00578726502135396,,0.02050313912332058,,0.8565773963928223,58092
58102,-105.0583388157845,39.10568436452592,,,-106.15346120397507,,178.0,,,,,,,,0.021550925448536873,,0.0601813979446888,,0.8399649858474731,,58102
58134,,,-127.8313643536963,118.8996623787038,,-118.12771313758527,,214.0,38.77627116664548,40.693625001706806,0.4067906053552011,,,,,0.03304639086127281,,0.13737376034259796,,0.8511499166488647,58134
58156,-104.73194346052969,39.03658349885237,,,-105.00697171001119,,158.0,,,,,,,,0.025264177471399307,,0.07604801654815674,,0.825890839099884,,58156
58202,-104.86684132652647,39.06920213333007,,,-117.61492420014649,,201.0,,,,,,,,0.028993988409638405,,0.10944531857967377,,0.798944890499115,,58202
58203,-104.35529519451369,38.84736185655909,,,-108.71730580078733,,193.0,,,,,,,,0.02334619127213955,,0.06621115654706955,,0.7950523495674133,,58203
58268,-104.06402122072367,38.82881937633207,,,-99.40023891880475,,176.0,,,,,,,,0.026111619547009468,,0.1036238968372345,,0.8492841720581055,,58268
58302,-103.7752978700759,38.67187477766812,,,-117.76553772216648,,224.0,,,,,,,,0.022006498649716377,,0.07649007439613342,,0.8278645277023315,,58302
58323,-103.65703003918799,38.639285702839274,,,-111.41113556776399,,182.0,,,,,,,,0.03152507543563843,,0.09848333895206451,,0.8117679953575134,,58323
58338,-101.07498922196115,41.543446081424975,,,7.277929382368352,,230.0,,,,,,,,0.08935090154409409,,0.22590652108192444,,0.7249336838722229,,58338
58354,,,-128.13071900170206,118.79630978634603,,-94.43248182414206,,145.0,-41.55181558173278,41.578163400600694,0.9723141786556769,,,,,0.026285430416464806,,0.09167464822530746,,0.8454896807670593,58354
58368,-101.24464722937934,41.580199015777914,,,-114.40478648234689,,178.0,,,,,,,,0.033467043191194534,,0.11212153732776642,,0.7912057042121887,,58368
58378,,,-128.04627560033495,118.82936818445887,,-79.46386510378329,,166.0,-12.921498480331467,19.09347023087812,0.9591198019063342,,,,,0.012227668426930904,,0.03761718049645424,,0.843828558921814,58378
58402,-101.50811682312354,41.660219844662755,,,-120.60398721464514,,199.0,,,,,,,,0.02783748134970665,,0.08897970616817474,,0.8444186449050903,,58402
58447,-100.12115981503976,46.333299267430235,,,82.09773302912971,,181.0,,,,,,,,0.04226650297641754,,0.12275467067956924,,0.82099449634552,,58447
58460,-104.45066208785171,35.03060371924964,,,-104.31825454837048,,166.0,,,,,,,,0.027832187712192535,,0.08909952640533447,,0.809160053730011,,58460
58500,,,,,,,,,,,,70.6639633178711,61.6529655456543,2.0731327533721924,,,,,,,58460
58529,-105.35191066790802,35.18748009471554,,,-133.5437773487643,,311.0,,,,,,,,0.019970819354057312,,0.060677725821733475,,0.8456158638000488,,58529
58531,,,-129.7322391537491,118.67433905946932,,-160.1187768536028,,329.0,-25.15289126703442,28.0821442509857,0.7851868109709875,,,,,0.02310747653245926,,0.09437010437250137,,0.8993783593177795,58530
58541,-105.07273063835602,35.16925099228973,,,-100.52979663467369,,190.0,,,,,,,,0.016535690054297447,,0.05479543283581734,,0.8568998575210571,,58541
58598,-104.96458171021017,35.12600739285576,,,-116.36879391882321,,202.0,,,,,,,,0.022850824519991875,,0.07683742791414261,,0.8801835775375366,,58598
58615,-104.77487081707709,35.07745669127893,,,-109.11016881064057,,218.0,,,,,,,,0.018554870039224625,,0.06198656186461449,,0.8418328166007996,,58615
58624,,,-139.50620770440906,134.4998573270509,,-583.9318995306716,,480.0,23.8592336691916,44.08292756900191,0.42568074094051817,,,,,0.0297921821475029,,0.0883314460515976,,0.9514158368110657,58624
58662,-104.51133563263868,35.08270051233128,,,-97.35670048244242,,179.0,,,,,,,,0.021552735939621925,,0.0747343897819519,,0.8152179718017578,,58662
58674,-104.16627009840043,34.962374629636024,,,-107.92467874040288,,197.0,,,,,,,,0.016425354406237602,,0.055692583322525024,,0.8588520884513855,,58674
58709,,,-135.65123570154228,132.6674495847581,,-104.70156782441025,,213.0,-11.395773434303177,12.017880552811242,0.8615379649882899,,,,,0.016543200239539146,,0.05371661111712456,,0.9225812554359436,58709
58736,-104.24675138020766,35.00570800331295,,,-125.05492934610315,,198.0,,,,,,,,0.02645246684551239,,0.09382683783769608,,0.8601281046867371,,58736
58785,-104.80156820264823,35.22670162554529,,,-132.3820028441688,,228.0,,,,,,,,0.028442293405532837,,0.10017220675945282,,0.832770824432373,,58785
58798,-104.88964712925802,35.281076402262215,,,-128.81126957398826,,190.0,,,,,,,,0.032624758780002594,,0.11280108988285065,,0.805338442325592,,58798
58805,-105.18203407407762,35.387823582633814,,,-125.24572393912149,,194.0,,,,,,,,0.022240102291107178,,0.07013499736785889,,0.8861293792724609,,58805
58821,,,-136.01016859571936,132.54038736288777,,-97.86224573791799,,198.0,-36.661673738498884,37.58731476947515,0.9348717337903325,,,,,0.019378341734409332,,0.06316976994276047,,0.8306291699409485,58821
58849,,,-136.00230480225494,132.54279854430155,,-95.16999041082812,,190.0,47.929409582834495,47.929409582834495,0.7072241638836474,,,,,0.024913376197218895,,0.09068065881729126,,0.85219806432724,58849
58884,-105.24637639816048,35.37967198832429,,,-102.33996043653826,,201.0,,,,,,,,0.020178327336907387,,0.07597313821315765,,0.8225772380828857,,58884
58892,-105.57294446374057,35.47580399820399,,,-124.00274357401986,,213.0,,,,,,,,0.025087175890803337,,0.07764141261577606,,0.855389416217804,,58892
58946,-105.9021824175997,35.419408634923066,,,-107.89667089635489,,173.0,,,,,,,,0.02671309933066368,,0.09711125493049622,,0.8304843902587891,,58946
58963,-106.38225327618402,35.53124359965836,,,-126.40814818379592,,183.0,,,,,,,,0.028274672105908394,,0.08431241661310196,,0.8369486927986145,,58963
59000,,,,,,,,,,,,61.306419372558594,48.317813873291016,2.0743136405944824,,,,,,,58963
59014,-106.54818761961958,35.55474059466719,,,-115.6466149359102,,190.0,,,,,,,,0.030719580128788948,,0.11208321154117584,,0.7956845164299011,,59014
59020,-106.5592042621853,35.558988767663486,,,-120.54034130838743,,212.0,,,,,,,,0.025696301832795143,,0.08824048936367035,,0.8101195096969604,,59020
59038,-106.45426585332437,35.51229037907837,,,-119.69690421588808,,208.0,,,,,,,,0.022972067818045616,,0.0753440409898758,,0.8288077116012573,,59038
59039,,,-136.98727454073494,132.1203732005575,,-104.36580157064411,,205.0,-10.339963291912545,22.564011883154148,0.9779774183874386,,,,,0.018438324332237244,,0.05807306617498398,,0.8720250725746155,59039
59070,,,-129.85889035358306,124.90449419842555,,-85.30329160253255,,168.0,-29.74491500180392,31.067503538514888,0.8730337321985153,,,,,0.014024543575942516,,0.047495756298303604,,0.8940227031707764,59070
59093,-107.54344104830318,34.33522897893321,,,-96.48645435748125,,173.0,,,,,,,,0.023327428847551346,,0.08595718443393707,,0.8089906573295593,,59093
59151,-107.7085114309006,34.42375407930751,,,-130.19001019951577,,197.0,,,,,,,,0.028734825551509857,,0.09306339919567108,,0.8335253000259399,,59151
59164,-108.10780463103757,34.44396822148557,,,-119.63369569431575,,211.0,,,,,,,,0.0206514410674572,,0.059065528213977814,,0.8363319635391235,,59164
59197,-108.3764394784268,34.560450133128434,,,-129.91838769287457,,234.0,,,,,,,,0.02645927667617798,,0.09440865367650986,,0.8358533978462219,,59197
59222,-108.47867617333137,34.525582314222845,,,-99.20258150602956,,218.0,,,,,,,,0.016881519928574562,,0.05145171284675598,,0.770399808883667,,59222
59247,,,-129.72096593435535,124.92860407248232,,-104.50578395635624,,167.0,-33.136262999323314,33.190186106516215,0.9386621526893948,,,,,0.026871496811509132,,0.0953211784362793,,0.8749615550041199,59247
59261,-105.87743878516176,37.51253471174911,,,-0.7871093939485334,,239.0,,,,,,,,0.07860171049833298,,0.20084883272647858,,0.7309977412223816,,59261
59282,,,-129.92899083651352,124.9623601258157,,-155.30041570312957,,300.0,21.109955058495203,54.66092742482821,0.8380704891165968,,,,,0.028199875727295876,,0.10856121778488159,,0.9046491980552673,59282
59311,-105.41438105125752,37.33624488227939,,,-108.31723485577487,,202.0,,,,,,,,0.015442176721990108,,0.04786819964647293,,0.8951571583747864,,59311
59386,-105.21716865848822,37.28317312575614,,,-110.42586748910391,,190.0,,,,,,,,0.02666464075446129,,0.09908392280340195,,0.8582987189292908,,59386
59420,-105.45874005556472,37.386450336044994,,,-127.33871174669713,,200.0,,,,,,,,0.026362285017967224,,0.08890893310308456,,0.8273806571960449,,59420
59449,-101.9805009233899,44.1666655213627,,,62.72308278320088,,175.0,,,,,,,,0.050704918801784515,,0.14131653308868408,,0.8069466948509216,,59449
59485,-103.32989273164314,45.94075256753711,,,-195.62349345945375,,480.0,,,,,,,,0.053907208144664764,,0.15276780724525452,,0.7542018294334412,,59485
59496,-103.49091271481736,46.00301318696446,,,-125.2115711838962,,202.0,,,,,,,,0.02784990891814232,,0.09424691647291183,,0.8533075451850891,,59496
59500,,,-130.61965617132097,124.9424901722299,,-143.9461639070627,,283.0,-44.24899139210529,44.37986052541766,0.8674888887458383,52.61361312866211,57.77388000488281,2.077280282974243,,0.027131276205182076,,0.08927423506975174,,0.7912766337394714,59500
59559,,,-129.37853614577563,125.2635937267723,,-66.6043375696503,,168.0,-30.415651412946836,30.488777262114343,0.9041583538214728,,,,,0.009034395217895508,,0.027527153491973877,,0.8471437692642212,59559
59585,-102.0100462245518,46.63568995114915,,,-45.93960754257165,,321.0,,,,,,,,0.05398896336555481,,0.1507866531610489,,0.8031630516052246,,59585
59644,-102.99476652338905,46.821991543903444,,,-135.9611551895308,,252.0,,,,,,,,0.027005372568964958,,0.08410782366991043,,0.8206737637519836,,59644
59656,-102.97280966534576,46.818093863188516,,,-110.74614584171712,,217.0,,,,,,,,0.023657234385609627,,0.0847524031996727,,0.835985004901886,,59656
59673,-103.51473089254257,46.88084933887911,,,-122.21705601186197,,194.0,,,,,,,,0.020506078377366066,,0.073440320789814,,0.8703984022140503,,59673
59703,-103.32746667279096,46.83396719927553,,,-110.47038111596163,,174.0,,,,,,,,0.023150013759732246,,0.08904215693473816,,0.8476648926734924,,59703
59721,-102.64558125991095,46.64840065158664,,,-98.65941457847413,,180.0,,,,,,,,0.016000643372535706,,0.051535703241825104,,0.8983116745948792,,59721
59722,,,-129.1938206486717,125.3475478978897,,-67.71624580352776,,223.0,-52.68348858682564,53.55618912462696,0.7619709839051271,,,,,0.007090819999575615,,0.025150185450911522,,0.8758866786956787,59722
59734,,,-130.14028032912955,125.16038358930535,,-128.55931843313013,,245.0,-18.366989796258967,26.53754133229353,0.9829668203940795,,,,,0.024935757741332054,,0.08036713302135468,,0.8524962663650513,59734
59803,-102.23445178366487,46.47312049585838,,,-112.01240535695938,,184.0,,,,,,,,0.02356390655040741,,0.0821412056684494,,0.8380931615829468,,59803
59813,-102.59286115807915,46.345240185782245,,,-94.81511531911441,,152.0,,,,,,,,0.02118363231420517,,0.0790567621588707,,0.8094055652618408,,59813
59875,-102.69303203479404,46.36553329269207,,,-114.53811984007802,,185.0,,,,,,,,0.02695615589618683,,0.08656994998455048,,0.8186553120613098,,59875
59937,-102.86828695824319,46.39483367936018,,,-114.91620737643171,,169.0,,,,,,,,0.027019837871193886,,0.09493009746074677,,0.8394583463668823,,59937
59945,-103.19207615244622,46.46506957739547,,,-121.19643142016314,,214.0,,,,,,,,0.027294091880321503,,0.09450363367795944,,0.8540153503417969,,59945
59964,-104.99572772125386,48.68711396200711,,,-207.79750264052788,,480.0,,,,,,,,0.019919393584132195,,0.06452666223049164,,0.864770233631134,,59964
59982,,,-131.79964791405445,125.20369106325076,,-175.72125252932923,,290.0,-10.765589962540002,18.470853818901652,0.5170084858199386,,,,,0.03945683315396309,,0.1104750707745552,,0.7940253019332886,59982
59985,-104.72047388190259,48.70419671617218,,,-94.95461383322557,,170.0,,,,,,,,0.014794610440731049,,0.0454939566552639,,0.8259345889091492,,59985
60000,,,,,,,,,,,,57.0480842590332,67.71389770507812,2.0693161487579346,,,,,,,59985
60007,,,-131.09892715116123,125.4147146296161,,-76.1941322380334,,159.0,-25.306723235913044,25.3072471382483,0.9292495801989074,,,,,0.013898241333663464,,0.05364590883255005,,0.8768958449363708,60007
60027,-105.0940601735596,48.73358609023934,,,-118.07955350165453,,211.0,,,,,,,,0.023388145491480827,,0.08398675918579102,,0.8208822011947632,,60027
60072,-105.34219976978018,48.82896777079197,,,-130.17251753319565,,170.0,,,,,,,,0.039681918919086456,,0.11640413850545883,,0.801584005355835,,60072
60085,,,-131.6128235541704,125.23668145460945,,-100.7857176035,,211.0,56.521017126279986,58.12341177265791,0.6982369030681609,,,,,0.016269352287054062,,0.06594566255807877,,0.921281635761261,60085
60093,-104.7815312258586,48.91692838228948,,,-83.37770837168341,,180.0,,,,,,,,0.010144258849322796,,0.032380130141973495,,0.8158619403839111,,60093
60128,-107.01889468834281,46.22460778283224,,,-104.5902437418429,,166.0,,,,,,,,0.024419639259576797,,0.07269813120365143,,0.8628334403038025,,60128
60163,,,-131.9732999366477,125.05771714091034,,-78.67362589220973,,164.0,-16.67083200121798,25.372843770355715,0.9184900106691567,,,,,0.016027487814426422,,0.04800261929631233,,0.834155261516571,60163
60180,-106.57393144374564,46.2584379987689,,,-92.15662425248897,,199.0,,,,,,,,0.009870021604001522,,0.030822517350316048,,0.8625222444534302,,60180
60182,-106.5465819176622,46.25053845271103,,,-119.23651091047242,,188.0,,,,,,,,0.03436986356973648,,0.11723596602678299,,0.8080083131790161,,60182
60237,-110.5575438284921,37.60485261677836,,,-118.45036251236603,,206.0,,,,,,,,0.02327321656048298,,0.06792929023504257,,0.8413929343223572,,60237
60305,-110.84575950546422,37.611152121523794,,,-118.7290383969759,,193.0,,,,,,,,0.022144058719277382,,0.06699102371931076,,0.8687534928321838,,60305
60307,-110.4107073730728,37.47163419598682,,,-111.79117072919323,,197.0,,,,,,,,0.017771640792489052,,0.05772043392062187,,0.8802615404129028,,60307
60309,-110.87363626251435,37.48967732490575,,,-123.67624110675091,,208.0,,,,,,,,0.023276682943105698,,0.07488928735256195,,0.8262545466423035,,60309
60356,-110.59966059633676,37.4985719405885,,,-102.67001060994471,,174.0,,,,,,,,0.02298133447766304,,0.08461185544729233,,0.8177933096885681,,60356
60371,-110.8230733070258,37.522301415481984,,,-120.28080434509056,,201.0,,,,,,,,0.02465275302529335,,0.1037689819931984,,0.8435662388801575,,60371
60372,,,-131.92129327635365,125.07566449510797,,-87.48696204083987,,183.0,-13.808006464132195,28.848643141040384,0.9234155636409433,,,,,0.01589212380349636,,0.06169793754816055,,0.8677238821983337,60372
60381,,,-133.6034395517936,124.80565349883805,,-154.76107783965483,,281.0,-62.908362601787594,62.908362601787594,0.9597669597097415,,,,,0.03657689690589905,,0.10880997776985168,,0.8021615743637085,60381
60428,-110.69136183550178,37.58085287417961,,,-90.77112690624284,,176.0,,,,,,,,0.01758807897567749,,0.061454642564058304,,0.7984678149223328,,60428
60439,-111.0296720903487,37.63052943851524,,,-124.84019148274928,,182.0,,,,,,,,0.027175292372703552,,0.09179024398326874,,0.815071702003479,,60439
60475,-110.72466544036325,37.577381177134605,,,-109.80459684683026,,177.0,,,,,,,,0.03181200847029686,,0.11755269020795822,,0.8236112594604492,,60475
60478,,,-132.96212366701695,124.98641715725014,,-82.04622775392676,,266.0,51.61105075321699,53.43243753506725,0.13874298602512788,,,,,0.0074461838230490685,,0.04032697156071663,,0.9647383689880371,60478
60500,,,,,,,,,,,,58.46436309814453,60.897743225097656,2.0744240283966064,,,,,,,60478
60532,-110.28611488323557,37.449805130730404,,,-110.45447498778422,,163.0,,,,,,,,0.03607558459043503,,0.11525937914848328,,0.834808349609375,,60532
60545,-110.22470891593238,37.42188608543709,,,-125.74097120882996,,192.0,,,,,,,,0.03243367373943329,,0.09471829980611801,,0.8136487007141113,,60545
60573,-109.77286402080328,37.37415212321366,,,-102.65347918266488,,187.0,,,,,,,,0.0176090020686388,,0.050895921885967255,,0.8363032937049866,,60573
60594,,,-133.7050549282838,124.67979077798134,,-100.38511548252771,,229.0,41.49917764434648,43.37613461735988,0.0010977169560975016,,,,,0.02059081755578518,,0.083478644490242,,0.8768235445022583,60593
60604,-110.14655037941385,37.39136973709938,,,-121.0242783670673,,181.0,,,,,,,,0.02433023415505886,,0.07934622466564178,,0.8347165584564209,,60604
60673,-109.8959682892998,37.33961811432228,,,-111.47363906831653,,202.0,,,,,,,,0.026448309421539307,,0.0917857363820076,,0.8180720806121826,,60673
60712,-112.1796928253143,40.50518339625993,,,-222.08289769708108,,480.0,,,,,,,,0.03886866569519043,,0.120980404317379,,0.8793778419494629,,60712
60759,-111.49926585817568,40.54618470996053,,,-92.38679982686472,,179.0,,,,,,,,0.01841050013899803,,0.06711141765117645,,0.8276885151863098,,60759
60773,,,-135.35554938105645,124.73120186627409,,-179.67710263174286,,286.0,-49.98785882896477,49.98813598139303,0.8986616995512285,,,,,0.04012400284409523,,0.11751479655504227,,0.826110303401947,60773
60776,-111.42994882233056,40.54199758727152,,,-112.18076314365346,,206.0,,,,,,,,0.01821144111454487,,0.058186840265989304,,0.8598982691764832,,60776
60809,-111.49169368109648,40.55817324674096,,,-123.62758424668382,,182.0,,,,,,,,0.028722409158945084,,0.10328314453363419,,0.8406332731246948,,60809
60826,,,-135.0246536725479,124.83980659512608,,-85.96131227235928,,153.0,-28.029485051148857,28.31183155845193,0.8970575035204296,,,,,0.018636973574757576,,0.0564408153295517,,0.827176570892334,60826
60834,-111.3640514220732,40.54218899694427,,,-113.31479126472557,,194.0,,,,,,,,0.023564210161566734,,0.07113347202539444,,0.8464218378067017,,60834
60877,,,-133.4834554040524,125.02550648503399,,-80.67088822943302,,256.0,39.82801325060427,43.209008948877454,-0.06184019920245943,,,,,0.014065118506550789,,0.0661606714129448,,0.8636032342910767,60877
60881,-111.4809126084116,40.50754289863843,,,-102.32951367439973,,204.0,,,,,,,,0.016157612204551697,,0.0610036700963974,,0.8345733880996704,,60881
60965,-111.57351995457735,40.555473876491675,,,-134.82037750780344,,240.0,,,,,,,,0.02144222892820835,,0.07234799116849899,,0.8588414192199707,,60965
60982,-111.78654455404758,40.625165689299365,,,-130.2849256678272,,252.0,,,,,,,,0.025276055559515953,,0.08674133569002151,,0.7893824577331543,,60982
61000,,,,,,,,,,,,40.26687240600586,53.261756896972656,2.0748023986816406,,,,,,,60982
61011,-111.94671129965045,40.71202942412888,,,-137.926724973018,,208.0,,,,,,,,0.02290794439613819,,0.07215285301208496,,0.904072642326355,,61011
61024,-108.83724671654427,47.01588997337681,,,56.27064764927966,,187.0,,,,,,,,0.05196404084563255,,0.15383106470108032,,0.8121652603149414,,61024
61067,,,-133.0451016882366,125.20848492325287,,-70.07886235484048,,193.0,-52.41124648967555,52.473214485793534,0.8343994983006426,,,,,0.00827810913324356,,0.02705206908285618,,0.8639712929725647,61067
61083,-110.52469602861464,44.557405939528834,,,-85.1595749974671,,200.0,,,,,,,,0.010643345303833485,,0.03669041395187378,,0.8710322976112366,,61083
61109,-111.29805851354993,44.84701189450718,,,-146.98535910254037,,230.0,,,,,,,,0.027142474427819252,,0.08658750355243683,,0.8819018006324768,,61109
61122,-110.9086694387455,44.937326221143465,,,-90.95641374888254,,195.0,,,,,,,,0.017651392146945,,0.06694305688142776,,0.79746413230896,,61122
61178,-110.7651600185644,44.89606562879973,,,-120.16324073764154,,211.0,,,,,,,,0.02573990449309349,,0.08811511844396591,,0.8302580118179321,,61178
61208,-114.62112711582591,37.5004323633455,,,-130.07527207987368,,210.0,,,,,,,,0.026940850540995598,,0.09053731709718704,,0.8170238137245178,,61208
61224,-112.83566772642652,35.682417976683965,,,-106.35052398948457,,214.0,,,,,,,,0.018245574086904526,,0.053865354508161545,,0.8322520852088928,,61224
61225,,,-124.6068577298108,112.78527394913998,,-93.06312543062182,,191.0,23.778233184864384,28.88815142971059,0.5303634180825023,,,,,0.02262476459145546,,0.08313360810279846,,0.8565846681594849,61225
61227,,,-130.5229532949434,118.38863620697148,,-384.9441572862542,,480.0,-65.10008193552494,65.6538331180811,-0.2157403137036258,,,,,0.05501291900873184,,0.1462864726781845,,0.7943345308303833,61226
61233,,,-131.6705835596326,118.09915913134351,,-129.9618061163169,,271.0,-22.062629438194403,23.45717090764169,0.8411968199739901,,,,,0.03307097777724266,,0.1153617650270462,,0.8080726861953735,61233
61304,-112.66492702989801,35.64319400386116,,,-116.67453635747121,,198.0,,,,,,,,0.020195314660668373,,0.06714385002851486,,0.8627892732620239,,61304
61344,-113.85937299595973,34.36489572996644,,,-105.66190584565824,,200.0,,,,,,,,0.020865727216005325,,0.06468730419874191,,0.7928863167762756,,61344
61357,-113.00124891843824,34.33797293532731,,,-93.0549513134561,,205.0,,,,,,,,0.012112392112612724,,0.04341977462172508,,0.8500734567642212,,61357
61408,-110.51468823007554,38.64294897408146,,,13.58188857641855,,315.0,,,,,,,,0.040251120924949646,,0.11943323165178299,,0.8166534900665283,,61408
61476,-110.31926754175394,38.60796561469441,,,-112.44602159578287,,187.0,,,,,,,,0.02298378199338913,,0.0754026249051094,,0.8660771250724792,,61476
61481,-110.45993778801986,38.62107120554611,,,-117.5038934292572,,190.0,,,,,,,,0.031446099281311035,,0.11395712196826935,,0.8147101998329163,,61481
61500,,,,,,,,,,,,53.87168884277344,54.564083099365234,2.072431802749634,,,,,,,61481
61558,-114.24779592578216,45.882843412809514,,,-288.05232146658983,,480.0,,,,,,,,0.043088383972644806,,0.1360735148191452,,0.8545264005661011,,61558
61564,-114.34885056581075,45.883372984548345,,,-117.06513735838831,,224.0,,,,,,,,0.02239793911576271,,0.06895314902067184,,0.856217086315155,,61564
61568,,,-132.59790840915727,117.8847021124341,,-128.0300603963121,,348.0,-40.30695723665172,42.323155449724744,0.6368824756174384,,,,,0.022207017987966537,,0.08222395181655884,,0.8329370021820068,61568
61620,-114.44835346667801,45.84628371342993,,,-99.79026036247755,,202.0,,,,,,,,0.02246694825589657,,0.07269158214330673,,0.7857926487922668,,61620
61632,-114.60831313288426,45.86026838098955,,,-122.53610315039091,,174.0,,,,,,,,0.034124329686164856,,0.10963793843984604,,0.8282231688499451,,61632
61653,-114.7180329585499,45.867435766008356,-132.90604853452734,117.72757367895265,-120.40219865971352,-80.38315613462481,172.0,206.0,8.122617929016503,19.49197889907846,0.9579574977926654,,,,0.0328163206577301,0.013343969359993935,0.11173155158758163,0.05292588472366333,0.8202763795852661,0.8721767663955688,61653
61709,-114.37622426797984,45.881562133662186,,,-104.10599689165998,,208.0,,,,,,,,0.016630975529551506,,0.057210132479667664,,0.8731938600540161,,61709
61721,-112.67085958364845,43.92024832174226,,,-122.52926842395901,,193.0,,,,,,,,0.024396976456046104,,0.07901977747678757,,0.8598302006721497,,61721
61725,,,-133.4692087450433,117.63697584174272,,-128.33461531873044,,248.0,-17.14857276264698,24.279602794397263,0.8890200049548169,,,,,0.03301452472805977,,0.10659682005643845,,0.8047407269477844,61725
61745,,,-134.37027251226175,117.27123802130808,,-108.77222934281478,,228.0,-61.3973863799321,61.51257721530764,0.9759046462035897,,,,,0.025065267458558083,,0.07935507595539093,,0.823529839515686,61745
61806,-112.9476245434825,43.851283719670704,,,-108.7928618249278,,166.0,,,,,,,,0.026787908747792244,,0.09101574867963791,,0.8072993755340576,,61806
61813,-113.02561497835748,43.86380751250528,,,-121.97907524540254,,198.0,,,,,,,,0.031063534319400787,,0.10662209987640381,,0.8314231038093567,,61813
61830,-112.88137684991872,43.819020555862856,,,-122.9606111112579,,198.0,,,,,,,,0.02207987755537033,,0.07205487787723541,,0.8289355039596558,,61830
61874,-113.27841262638103,43.6394634661267,,,-103.22949719479851,,164.0,,,,,,,,0.02561340481042862,,0.08391677588224411,,0.8089305758476257,,61874
61927,-113.53846563870925,43.625654763260044,,,-117.59289435825487,,194.0,,,,,,,,0.030939191579818726,,0.1033322811126709,,0.8162444233894348,,61927
61935,-113.80634464499859,43.534566261940846,,,-105.55057456695563,,170.0,,,,,,,,0.02224884368479252,,0.09582940489053726,,0.8566849827766418,,61935
61938,-113.49578634322805,43.550104129255246,,,-103.70859582194487,,190.0,,,,,,,,0.01947368122637272,,0.05943934619426727,,0.8675289154052734,,61938
61961,,,-127.3430897799003,108.54513932802102,,-95.38237505658972,,194.0,-7.481913579800694,21.7032210129438,0.9466778363310514,,,,,0.02098206616938114,,0.07509622722864151,,0.8749496936798096,61961
61983,,,-127.8601512731567,108.2770260430376,,-84.31346794868158,,173.0,-34.82654178969433,34.9238862419404,0.9883169310891003,,,,,0.02078501507639885,,0.09292832762002945,,0.824702799320221,61983
61995,-113.09614219374158,43.59446629763154,,,-98.46815503804292,,198.0,,,,,,,,0.014779717661440372,,0.04572363942861557,,0.7971205115318298,,61995
62000,,,,,,,,,,,,57.8949089050293,67.08570861816406,2.0798332691192627,,,,,,,61995
62017,-112.5345727893412,43.69901162549909,,,-90.65056817695645,,200.0,,,,,,,,0.013305597007274628,,0.05344901606440544,,0.8151301741600037,,62017
62069,-112.61299375688193,43.70112542014449,,,-115.7122191062303,,200.0,,,,,,,,0.022011762484908104,,0.07182711362838745,,0.8426096439361572,,62069
62095,-112.86244426106614,43.79905113576923,,,-136.1487663159614,,235.0,,,,,,,,0.02802642248570919,,0.09839930385351181,,0.8477044701576233,,62095
62120,-113.1312067857026,43.7769074219616,,,-116.10813684176723,,190.0,,,,,,,,0.02903595194220543,,0.09855449944734573,,0.8318509459495544,,62120
62142,-113.00088604307133,43.76512690494714,,,-113.76476721352736,,187.0,,,,,,,,0.03576217591762543,,0.10696852952241898,,0.7361950278282166,,62142
62147,,,-128.91437837147214,108.03947091154036,,-130.3710142766519,,252.0,-35.053363571564354,35.993956711084124,0.9259970174755771,,,,,0.02672496810555458,,0.09322044998407364,,0.8373704552650452,62147
62196,-113.61682835658301,43.664535909684965,-131.60863397788165,120.96037228516295,-121.56824258182642,-746.7277100958306,192.0,480.0,73.60662449027102,85.33755160346627,-0.5169702105599236,,,,0.024857211858034134,0.02463638223707676,0.08275138586759567,0.08678276836872101,0.8509602546691895,0.8833091855049133,62196
62221,-113.0276017662258,43.70786770134457,,,-95.3788619648883,,166.0,,,,,,,,0.021424205973744392,,0.08683835715055466,,0.8145617842674255,,62221
62255,-112.93797374981277,43.718978349898,,,-105.32319602617923,,197.0,,,,,,,,0.022820955142378807,,0.08182326704263687,,0.8358932733535767,,62255
62301,-113.21572074940093,43.7464230045476,,,-124.34182496719184,,212.0,,,,,,,,0.02764812670648098,,0.08326516300439835,,0.8155799508094788,,62301
62314,-113.05409476478819,43.71476568395351,,,-117.6596719781931,,223.0,,,,,,,,0.027765359729528427,,0.08412366360425949,,0.7660692930221558,,62314
62331,,,-132.78565807287424,120.51989368166316,,-116.43807852880437,,256.0,-31.433433355065063,31.660258910385892,0.9650997238736032,,,,,0.019835149869322777,,0.06308428943157196,,0.8683785200119019,62331
62344,,,-131.8416980865619,120.8682124896362,,-64.17888314475955,,203.0,-12.697737711697377,24.63351658030684,0.7825040571841738,,,,,0.004625091329216957,,0.017998775467276573,,0.9409402012825012,62344
62377,-113.42559241491082,43.703725756553865,,,-121.22836168879726,,210.0,,,,,,,,0.025507094338536263,,0.0742436870932579,,0.8432795405387878,,62377
62433,-113.0689663880666,43.71301626142346,,,-103.19297702485683,,253.0,,,,,,,,0.014096613973379135,,0.05024823173880577,,0.8334081768989563,,62433
62446,-113.15197666226315,43.71384881396819,,,-115.6241527781433,,198.0,,,,,,,,0.019732188433408737,,0.06392914801836014,,0.8706177473068237,,62446
62500,,,,,,,,,,,,49.70503616333008,56.0722770690918,2.071753740310669,,,,,,,62446
62501,-111.14380649835265,40.87788583067182,,,-121.67438950155639,,186.0,,,,,,,,0.03251415118575096,,0.10517940670251846,,0.8207012414932251,,62501
62509,-111.80487031074662,40.83645009235646,,,-125.43999044656351,,214.0,,,,,,,,0.023451410233974457,,0.08540616929531097,,0.8275817036628723,,62509
62560,-111.85439528981018,40.8383774380042,,,-114.65701209683165,,222.0,,,,,,,,0.022001849487423897,,0.07026246935129166,,0.8274751305580139,,62560
62561,-111.84867775676362,40.83674872457484,,,-123.34170759435516,,222.0,,,,,,,,0.029723208397626877,,0.08930335193872452,,0.7729964852333069,,62561
62581,,,-131.60060687086352,120.91427704996846,,-102.59555213209215,,204.0,-10.515044603569836,20.63010238344763,0.7603992406154636,,,,,0.01695767231285572,,0.07017234712839127,,0.9027510285377502,62581
62587,,,-131.87478822328552,120.82273848585427,,-98.23890480947605,,186.0,0.9501730786856785,28.023290919360296,0.8085311250679577,,,,,0.018827658146619797,,0.06719322502613068,,0.9086052179336548,62587
62642,-112.07976045031657,40.87706196221467,,,-124.86892594237304,,210.0,,,,,,,,0.025412485003471375,,0.08585262298583984,,0.8425129055976868,,62642
62648,-112.35264641781019,40.85659866441079,,,-115.97381204908106,,182.0,,,,,,,,0.02682291716337204,,0.09147307276725769,,0.8287923336029053,,62648
62682,-111.85842108311292,40.7310948291404,,,-110.10911077294031,,192.0,,,,,,,,0.024882376194000244,,0.07690931111574173,,0.8531333208084106,,62682
62701,-111.42746064697953,40.647761501145986,,,-108.73690386115571,,203.0,,,,,,,,0.02424021065235138,,0.07172651588916779,,0.8124812245368958,,62701
62763,-111.53630673944639,40.72578696507579,-132.7496157746298,120.63743204700047,-143.3690295963615,-128.6097796832885,236.0,233.0,-45.30470418085868,45.30470418085868,0.7514685801836561,,,,0.02892625518143177,0.03104640729725361,0.09011925756931305,0.10875619947910309,0.8375691771507263,0.8940352201461792,62763
62774,-115.14599521254212,32.94830433827174,,,-124.21377600550768,,206.0,,,,,,,,0.029393615201115608,,0.08728737384080887,,0.8055022358894348,,62774
62824,-115.85135458618198,32.675180398266534,,,-120.42754367946046,,184.0,,,,,,,,0.030660735443234444,,0.11148609220981598,,0.8376050591468811,,62824
62828,-114.96987954486957,32.416857225818255,,,-102.91160703691905,,161.0,,,,,,,,0.025082241743803024,,0.0802282765507698,,0.8407291173934937,,62828
62829,,,-134.78313966910352,120.32181246113288,,-165.90504962593425,,325.0,-16.54084025346316,26.001531490546007,0.7702215142263009,,,,,0.027221810072660446,,0.08937397599220276,,0.8693574666976929,62829
62862,-111.5425790579464,42.32054348877398,,,80.40861059727588,,132.0,,,,,,,,0.0894644558429718,,0.215154230594635,,0.7004579901695251,,62862
62909,-111.13880974370595,42.33267458090474,,,-99.97477502561912,,176.0,,,,,,,,0.022917496040463448,,0.08338053524494171,,0.8218706250190735,,62909
62915,-110.7214049955335,42.246705292287785,,,-109.20503467125177,,196.0,,,,,,,,0.019545719027519226,,0.05428875610232353,,0.8811956644058228,,62915
62920,,,-134.90001485080083,120.25877580670071,,-72.88486074169637,,180.0,-39.12449345688025,42.06036603086525,0.57557582208247,,,,,0.013156169094145298,,0.05038422718644142,,0.8582049608230591,62920
62980,-110.67735358961933,42.25238787041514,,,-104.1479536937752,,199.0,,,,,,,,0.023690810427069664,,0.0938926637172699,,0.8503570556640625,,62980
63000,,,,,,,,,,,,48.08562469482422,48.88468933105469,2.0767571926116943,,,,,,,62980
63018,-111.30753157679203,42.57090504514842,,,-148.18343571610703,,213.0,,,,,,,,0.027300402522087097,,0.09382777661085129,,0.8770740032196045,,63018
63020,-111.88762970331227,42.68748177776403,,,-134.66681217167047,,227.0,,,,,,,,0.0351884663105011,,0.11730435490608215,,0.7923210859298706,,63020
63024,,,-134.6156621324398,120.39542256933134,,-69.82538284927178,,228.0,-60.303936034440994,60.32505417131541,0.8028684219453919,,,,,0.008412973955273628,,0.03313835337758064,,0.8108623623847961,63024
63079,-112.62982558215907,42.67619839390594,,,-130.16474525579545,,211.0,,,,,,,,0.02778688445687294,,0.09668716043233871,,0.8627548813819885,,63079
63092,-114.83981692796092,38.76497572519435,,,-96.91767871367524,,168.0,,,,,,,,0.021012434735894203,,0.0702298954129219,,0.8234682083129883,,63092
63098,,,-133.03531550483518,120.27894789316578,,-103.18591199526811,,156.0,-30.767555996775627,32.974861069749565,0.962850440993848,,,,,0.02460683509707451,,0.09277357161045074,,0.8740485906600952,63098
63134,-115.02180732883146,38.77466895055506,,,-121.545541639309,,170.0,,,,,,,,0.03140365332365036,,0.10304483771324158,,0.8333168625831604,,63134
63203,-115.18883275080309,38.802977621174655,,,-125.85516452783888,,196.0,,,,,,,,0.022721001878380775,,0.08416429162025452,,0.8721104860305786,,63203
63204,-111.67723961491536,29.930780522367485,,,-112.47266467220342,,172.0,,,,,,,,0.024215346202254295,,0.07447370886802673,,0.8729686737060547,,63204
63208,-111.69996639783284,29.935294063518977,,,-118.20147650426162,,191.0,,,,,,,,0.023131806403398514,,0.0741683766245842,,0.8725731372833252,,63208
63240,-111.93270849290751,29.886992589732714,,,-111.42736511621193,,201.0,,,,,,,,0.020254049450159073,,0.07522066682577133,,0.861914336681366,,63240
63252,,,-132.7153644500944,120.42811154111912,,-68.76682035082392,,229.0,32.03758506014878,33.70606956055071,0.306619874742418,,,,,0.008200060576200485,,0.042605575174093246,,0.8622971177101135,63252
63254,,,-140.48086864666408,128.52827106502178,,-460.5783152309877,,480.0,-12.782882348448037,57.741246521224575,-0.5022442721139928,,,,,0.023119214922189713,,0.0704258605837822,,0.9633439779281616,63254
63333,-111.84530977988024,29.862236489956203,,,-118.16616749902673,,213.0,,,,,,,,0.021860532462596893,,0.07051029801368713,,0.8753794431686401,,63333
63334,-111.60201960915693,29.84107688272258,,,-108.23769012354752,,188.0,,,,,,,,0.0204615518450737,,0.05976330116391182,,0.8505154252052307,,63334
63382,-111.72891142708355,29.822415676136206,,,-110.4505877879914,,160.0,,,,,,,,0.02754356525838375,,0.09749974310398102,,0.8240106701850891,,63382
63439,,,-139.40442586157823,128.9357125598475,,-64.30557388329387,,180.0,-5.752427487903171,21.786097945107354,0.8460937133120192,,,,,0.005890927277505398,,0.0216376893222332,,0.8841919302940369,63438
63442,-111.75516061399797,29.832486317942582,,,-123.84172776968035,,200.0,,,,,,,,0.019802957773208618,,0.058390889316797256,,0.8637082576751709,,63442
63457,-112.8506278263855,30.696732884366963,,,-163.56622244430386,,480.0,,,,,,,,0.053376972675323486,,0.14451006054878235,,0.7658818960189819,,63457
63486,,,-138.87463002488553,129.17361715363518,,-67.94268998950709,,180.0,9.511376305421193,15.039682588312361,0.840028376805533,,,,,0.0032368397805839777,,0.010669357143342495,,0.8927319645881653,63486
63500,,,,,,,,,,,,43.07109069824219,46.46332931518555,2.0874338150024414,,,,,,,63486
63523,-112.5737537651748,30.675574195083406,,,-108.13537218486816,,182.0,,,,,,,,0.020296338945627213,,0.06764590740203857,,0.8458705544471741,,63523
63560,-112.24563358488223,30.650449539459828,,,-106.5546020966283,,183.0,,,,,,,,0.019040118902921677,,0.0641368180513382,,0.8452891111373901,,63560
63604,-112.27170916743952,30.643321814347697,,,-104.5332763226647,,377.0,,,,,,,,0.05260106921195984,,0.1517612487077713,,0.7727874517440796,,63604
63659,-112.35140435815013,30.66223299765612,,,-121.577653893785,,195.0,,,,,,,,0.02608870528638363,,0.08372894674539566,,0.845099925994873,,63659
63672,-112.49854105841985,30.646892832930945,,,-112.90740958044086,,191.0,,,,,,,,0.030615193769335747,,0.10179156064987183,,0.7950350642204285,,63672
63700,-113.34423354966653,30.974335386591274,,,-145.99322038427857,,213.0,,,,,,,,0.03658770024776459,,0.1084681898355484,,0.839292049407959,,63700
63725,-113.38201555740318,30.95731420746199,,,-100.35725542487562,,167.0,,,,,,,,0.022923802956938744,,0.06887970864772797,,0.8109509944915771,,63725
63737,-113.90354462033655,30.789165588683378,,,-116.72702132362406,,202.0,,,,,,,,0.02678173966705799,,0.0802696943283081,,0.8271040320396423,,63737
63738,,,-138.9722094919829,129.13053625250598,,-84.34283845865231,,245.0,-52.45562133156523,52.45839866862005,0.8582622364892066,,,,,0.010630059987306595,,0.0325239934027195,,0.8332589268684387,63738
63754,,,-137.97412705675882,129.1560901265967,,-110.21465509239756,,223.0,14.192209960099293,14.913182371934967,0.9324890623102291,,,,,0.021895859390497208,,0.07916669547557831,,0.8400322198867798,63754
63758,,,-135.88133900775222,122.59410162273197,,-479.2924970803418,,480.0,10.773136837749432,15.824179077676186,0.7503430506136286,,,,,0.04436163231730461,,0.13041335344314575,,0.8622861504554749,63758
63808,-113.74250091318636,30.800340664738,,,-107.66003374872082,,181.0,,,,,,,,0.02026991918683052,,0.062978595495224,,0.8834850788116455,,63808
63829,-113.06917066537706,30.670876415580004,,,-102.4822539254973,,193.0,,,,,,,,0.022131821140646935,,0.08652769774198532,,0.8328980803489685,,63829
63878,-112.83347055698427,30.691892468519267,,,-104.3231314221271,,201.0,,,,,,,,0.021453851833939552,,0.06825421750545502,,0.8080397248268127,,63878
63899,-112.76533434521335,30.693530879830305,,,-110.35795662498091,,196.0,,,,,,,,0.02430390752851963,,0.08428099751472473,,0.8335728645324707,,63899
63935,-112.96539331312843,30.782725598711238,,,-131.57119097758127,,200.0,,,,,,,,0.028407791629433632,,0.09209960699081421,,0.8617843389511108,,63935
63957,-113.17518233894236,30.69778221728422,,,-105.8683132555845,,160.0,,,,,,,,0.023594679310917854,,0.07538918405771255,,0.8291343450546265,,63957
63982,-113.56883806630316,30.72076091254853,,,-125.005982394219,,198.0,,,,,,,,0.03595474734902382,,0.12636317312717438,,0.7953317761421204,,63982
63997,,,-135.6663298575769,122.65800765825529,,-93.95111031564433,,177.0,-50.47715564535162,50.58430443476822,0.9493747324941783,,,,,0.016918988898396492,,0.0556192472577095,,0.8641713261604309,63997
64000,,,,,,,,,,,,55.200050354003906,60.57263946533203,2.07220721244812,,,,,,,63997
64031,-113.43028189767503,30.687465132330722,,,-117.41401653578598,,205.0,,,,,,,,0.015063175931572914,,0.05301302671432495,,0.8871707916259766,,64031
64059,-113.6852858596137,30.77440271901086,,,-130.40987007512683,,204.0,,,,,,,,0.03404620662331581,,0.11840343475341797,,0.8289780616760254,,64059
64092,-113.51111578454422,30.75585687446297,,,-112.51985793532403,,231.0,,,,,,,,0.02085564099252224,,0.07751654088497162,,0.8179842829704285,,64092
64105,-113.22700031535618,30.915063903280686,,,-88.98720356545434,,206.0,,,,,,,,0.008486147969961166,,0.028838321566581726,,0.9162655472755432,,64105
64140,-113.04435438508406,30.927336340480288,,,-106.49185626453686,,208.0,,,,,,,,0.026133906096220016,,0.09288066625595093,,0.8191933035850525,,64140
64141,,,-135.0459094599494,122.92581846184859,,-66.84122585654323,,291.0,49.80380137761434,50.018282574067,0.024114166004991968,,,,,0.0055288937874138355,,0.029718676581978798,,0.8411447405815125,64141
64157,,,-135.14618177239845,122.89529126692662,,-100.18360603328003,,248.0,-17.18049658258115,22.474001825336487,0.7821714478850308,,,,,0.017353273928165436,,0.05689316987991333,,0.8711668848991394,64157
64171,,,-134.7839045633772,123.01213627150607,,-86.25194111958275,,250.0,20.67441800713539,25.54563089776039,0.3205642422489424,,,,,0.01655193418264389,,0.0704350546002388,,0.8332929611206055,64171
64199,-113.01450061038052,30.91971096265988,,,-120.1817007663808,,176.0,,,,,,,,0.030298715457320213,,0.10712374746799469,,0.8344972133636475,,64199
64245,-112.8129590163625,30.8708657418317,,,-115.36291074566095,,206.0,,,,,,,,0.017046015709638596,,0.05707768350839615,,0.8813439011573792,,64245
64265,-112.95015062072225,30.893989449899472,,,-121.51659231482003,,188.0,,,,,,,,0.03362807258963585,,0.10470638424158096,,0.7977750897407532,,64265
64309,-112.33892517447195,30.984538834629472,,,-92.78043528184001,,170.0,,,,,,,,0.01948641799390316,,0.061697591096162796,,0.8476382493972778,,64309
64318,-111.93792425817925,30.949504813890325,,,-104.81888012773702,,200.0,,,,,,,,0.019876522943377495,,0.06679464131593704,,0.8021196722984314,,64318
64387,-111.94680369915248,30.950725103928924,,,-116.41778409774301,,193.0,,,,,,,,0.016563313081860542,,0.059557437896728516,,0.9257373809814453,,64387
64388,-112.04148895620659,30.95219990892462,,,-114.84337362564614,,196.0,,,,,,,,0.023510731756687164,,0.07600671797990799,,0.8332641124725342,,64388
64416,-112.44099705940229,31.03576955155327,,,-128.712309020941,,206.0,,,,,,,,0.03151755407452583,,0.09738843142986298,,0.8019682765007019,,64416
64421,,,-134.93012744423797,122.95756564744306,,-92.61443564557027,,169.0,37.03596271706756,37.74844794583744,0.8515416617272068,,,,,0.014825652353465557,,0.06270373612642288,,0.9288920760154724,64421
64466,-111.87754560524648,30.723321782665195,,,-115.19645688857071,,209.0,,,,,,,,0.019172288477420807,,0.0633096769452095,,0.8719302415847778,,64466
64467,-111.79400339286587,30.695330184936317,,,-120.0366653864774,,185.0,,,,,,,,0.03267938271164894,,0.10473787784576416,,0.820504367351532,,64467
64500,,,,,,,,,,,,56.028602600097656,51.23579025268555,2.0814101696014404,,,,,,,64467
64502,,,-134.65541760525068,123.04054816292535,,-90.77029200699155,,217.0,44.993176583046186,45.893695554150966,0.2350499921685918,,,,,0.014980168081820011,,0.06033216789364815,,0.8960224390029907,64502
64506,-111.69340311422464,30.67510590743496,,,-115.39752974739794,,219.0,,,,,,,,0.02154714986681938,,0.07862921059131622,,0.8343970775604248,,64506
64553,,,-133.50180289670578,123.11195824613768,,-97.61968027588439,,196.0,-43.8658509278784,43.97721955970842,0.9311082220405871,,,,,0.021540900692343712,,0.07393995672464371,,0.8562065362930298,64553
64569,-111.72935832922374,30.665843634197827,,,-104.70936778687489,,221.0,,,,,,,,0.013045158237218857,,0.04020796716213226,,0.8179617524147034,,64569
64594,-115.03411006583487,14.338940366379326,,,-84.82897623327953,,206.0,,,,,,,,0.011912668123841286,,0.04328521341085434,,0.8042124509811401,,64594
64612,,,-132.28288481371158,123.30407505657111,,-83.00025975735392,,196.0,-19.642542281169064,20.866008829857623,0.829664438840387,,,,,0.011169557459652424,,0.044347040355205536,,0.9113646745681763,64612
64647,-115.19179929962274,14.215282257171927,,,-107.85923671501365,,202.0,,,,,,,,0.020770028233528137,,0.07684238255023956,,0.8391705751419067,,64647
64670,-111.7038295921894,28.982205890999992,,,65.19345070041615,,184.0,,,,,,,,0.07158781588077545,,0.201737642288208,,0.7256736159324646,,64670
64711,-111.71359012353012,28.97974167779828,,,-104.63598026081219,,194.0,,,,,,,,0.018629522994160652,,0.05891881138086319,,0.8416245579719543,,64711
64736,-110.66798814344091,28.58549341395359,,,-95.90333671164598,,183.0,,,,,,,,0.020912230014801025,,0.08716140687465668,,0.7999845147132874,,64736
64770,-110.2194806027532,28.380625756301086,,,-112.24143513728558,,187.0,,,,,,,,0.02775910682976246,,0.10390695929527283,,0.804729163646698,,64770
64796,-109.65238267726824,28.259449476248136,,,-101.80984898154733,,162.0,,,,,,,,0.020847538486123085,,0.05929017812013626,,0.8196216821670532,,64796
64815,-110.03482622131786,28.213875384692887,,,-116.03985591615701,,195.0,,,,,,,,0.02567080408334732,,0.08485835045576096,,0.8316170573234558,,64815
64828,,,-132.68487219055666,123.12192790246283,,-86.70370641190304,,208.0,23.347953947117695,25.39201049105479,0.3083050498583124,,,,,0.020937180146574974,,0.0933387279510498,,0.8662825226783752,64828
64842,-110.06468373688035,28.22682782465962,,,-123.03841741743415,,206.0,,,,,,,,0.025722166523337364,,0.09494787454605103,,0.8577895760536194,,64842
64866,-109.79795588448165,28.139231165733072,,,-112.51877190790339,,201.0,,,,,,,,0.02309345081448555,,0.07552004605531693,,0.8436796069145203,,64866
64871,,,-133.56297965165066,122.81161517638515,,-111.62161885822835,,178.0,-22.831747204735038,24.813329396957762,0.96242446483035,,,,,0.03427412360906601,,0.11024469137191772,,0.8455644249916077,64871
64917,-109.90069655352958,28.158181048285513,,,-117.60969812459945,,197.0,,,,,,,,0.02454674057662487,,0.07659266144037247,,0.8201014399528503,,64917
64926,,,-133.78897556651967,122.81259642954504,,-139.85911417658022,,174.0,-28.329510361641304,28.329510361641304,0.9073885317607401,,,,,0.029699211940169334,,0.09731291234493256,,0.9147409796714783,64926
64987,-109.73708342614113,28.133229824004538,,,-110.02082013483906,,217.0,,,,,,,,0.01875791698694229,,0.06001793593168259,,0.8306678533554077,,64987
64989,-109.69316535457322,28.132270856781023,,,-109.23146153781664,,201.0,,,,,,,,0.021329553797841072,,0.06774324178695679,,0.8099839687347412,,64989
65000,,,,,,,,,,,,50.899879455566406,55.26902389526367,2.082975387573242,,,,,,,64989
65037,,,-131.88581424562594,122.88533351948479,,-80.56318648464179,,218.0,-64.9765944325049,64.9765944325049,0.9710852183739896,,,,,0.0076288809068500996,,0.0327213853597641,,0.8737552762031555,65037
65052,-110.29553537126596,28.625374419545775,,,-148.2846683336638,,272.0,,,,,,,,0.027370044961571693,,0.09881844371557236,,0.8592120409011841,,65052
65065,-110.20240287267472,28.639489776370887,,,-103.58106519398568,,186.0,,,,,,,,0.022679403424263,,0.07109782844781876,,0.8231610655784607,,65065
65115,-110.7735222639788,28.922077236661938,,,-139.00655735319512,,214.0,,,,,,,,0.031641729176044464,,0.10074722021818161,,0.831267774105072,,65115
65175,-110.29252486124352,28.900719237427257,,,-99.79185763291655,,182.0,,,,,,,,0.02329290471971035,,0.09045417606830597,,0.8560749292373657,,65175
65184,-109.27934575616526,27.885480827971392,,,-112.90726719038987,,175.0,,,,,,,,0.02467658556997776,,0.07308344542980194,,0.8329448103904724,,65184
65263,-109.17502532175793,27.899318549844338,,,-102.91935046450149,,201.0,,,,,,,,0.01886061392724514,,0.06357358396053314,,0.840276300907135,,65263
65291,-109.80744421095616,28.189630969107725,,,-138.17554655653905,,204.0,,,,,,,,0.0348956398665905,,0.12481766194105148,,0.8161838054656982,,65291
65292,-113.39843480450853,37.264484141461544,,,-284.08280600028377,,480.0,,,,,,,,0.05164147913455963,,0.14460645616054535,,0.8182000517845154,,65292
65293,,,-132.09960713989102,122.79752393720929,,-86.88377695128932,,207.0,-28.47821374475092,30.404325838538185,0.9843168466930479,,,,,0.01878439448773861,,0.06440985202789307,,0.8316270112991333,65293
65331,-113.19448674117524,37.24706233191952,,,-111.38025072712031,,230.0,,,,,,,,0.01471523754298687,,0.046414222568273544,,0.8790920376777649,,65331
65343,,,-131.98868648062904,122.82826004585534,,-95.2396846404003,,185.0,-29.93806357061541,30.2386483366425,0.9593973393224985,,,,,0.018076570704579353,,0.06304536759853363,,0.845913827419281,65343
65377,,,-133.40478202758175,122.6133925369883,,-149.47840323984371,,254.0,-41.97497774085661,42.3160640463585,0.9829471045845477,,,,,0.033469308167696,,0.09654893726110458,,0.8252195715904236,65377
65378,-113.2710310300098,37.250326126131924,,,-116.7346240221694,,196.0,,,,,,,,0.02642151713371277,,0.08145464956760406,,0.7845892906188965,,65378
65448,-112.51165603541527,36.9614101532058,,,-108.02447065455252,,186.0,,,,,,,,0.0213033314794302,,0.06951235234737396,,0.8009656071662903,,65448
65450,-112.91334592569142,36.93626435426053,,,-120.44174993868197,,200.0,,,,,,,,0.024020420387387276,,0.07786815613508224,,0.8531862497329712,,65450
65485,-113.30616104661266,37.07889757550781,,,-136.3677773696866,,220.0,,,,,,,,0.02737448737025261,,0.09148585796356201,,0.8252567648887634,,65485
65500,,,,,,,,,,,,61.288761138916016,54.436954498291016,2.0724380016326904,,,,,,,65485
65511,-113.2854148318199,37.08234090264961,,,-106.62272300908332,,187.0,,,,,,,,0.021239235997200012,,0.06800442188978195,,0.8192543387413025,,65511
65542,,,-140.779148322432,130.46645935114393,,-456.2052767833541,,480.0,-61.90697060264647,82.43543999033669,-0.6402625106596148,,,,,0.015793833881616592,,0.05803881213068962,,0.987546443939209,65542
65562,-113.53391850019132,37.050731520124856,,,-114.90743734406844,,190.0,,,,,,,,0.02614617720246315,,0.08642251044511795,,0.8635762333869934,,65562
65613,-114.20878096656108,37.18388367672445,,,-138.06625474061534,,200.0,,,,,,,,0.027017531916499138,,0.08666470646858215,,0.8843869566917419,,65613
65618,-114.45338253633832,37.197970863950864,,,-122.58803511384227,,216.0,,,,,,,,0.022522995248436928,,0.06943024694919586,,0.8140996694564819,,65618
65656,-110.49938439452208,44.8819834101266,,,66.12871611323027,,203.0,,,,,,,,0.0502963587641716,,0.14558926224708557,,0.7889576554298401,,65656
65665,-110.06990554259488,45.026752949631515,,,-84.39437065922452,,181.0,,,,,,,,0.010493935085833073,,0.03359701484441757,,0.8561053276062012,,65665
65695,-109.74118329774295,44.9764793771369,,,-108.56987015162281,,178.0,,,,,,,,0.015782326459884644,,0.05780055373907089,,0.8578435778617859,,65695
65696,,,-139.27869645397251,130.72817227267706,,-79.73848441668063,,214.0,72.1467334110046,72.1467334110046,-0.02038660158427367,,,,,0.011838912032544613,,0.06434047967195511,,0.9147779941558838,65696
65715,,,-139.5093631138428,130.63712691751607,,-93.57956074744004,,217.0,23.234104495718732,25.581775723239794,0.7088764756828992,,,,,0.019107619300484657,,0.0802382156252861,,0.848668098449707,65715
65732,,,-140.36613650852095,130.51814690758587,,-143.22378521643557,,278.0,-67.40261275433808,67.40261275433808,0.8907633573415246,,,,,0.036312948912382126,,0.10797161608934402,,0.786504864692688,65732
65768,-109.69158534983893,44.96935758336964,,,-114.93411914058336,,204.0,,,,,,,,0.024963002651929855,,0.07752615213394165,,0.8269417881965637,,65768
65782,-109.19308622868874,44.87497738519723,,,-105.48491401761767,,207.0,,,,,,,,0.02030131034553051,,0.07254162430763245,,0.8124394416809082,,65782
65840,-108.57129815159716,45.03965920813598,,,-81.43045408074575,,166.0,,,,,,,,0.01018702331930399,,0.03363035246729851,,0.884293794631958,,65840
65851,-108.95613546936251,44.95280201520631,,,-108.22906945372138,,190.0,,,,,,,,0.02508632466197014,,0.07889480888843536,,0.8435540795326233,,65851
65918,-108.8780088278551,44.960410869651795,,,-102.58552418916639,,186.0,,,,,,,,0.02411828003823757,,0.07417408376932144,,0.8140657544136047,,65918
65919,-109.04306224125622,45.01671756447125,,,-128.43437143643774,,242.0,,,,,,,,0.023086218163371086,,0.07748184353113174,,0.8311694264411926,,65919
65957,-109.83233066417878,45.46432955110464,,,-154.82633189178893,,246.0,,,,,,,,0.03008631058037281,,0.10001975297927856,,0.8762800097465515,,65957
65991,-109.69755164170587,45.43947379387555,,,-114.77764119117339,,211.0,,,,,,,,0.023791341111063957,,0.06817217171192169,,0.788817822933197,,65991
65999,,,-143.0342675695485,132.6408215304666,,-313.08365568312104,,480.0,-27.123414927224317,35.45152941296498,0.019985632184563278,,,,,0.054957322776317596,,0.14906620979309082,,0.8393461108207703,65999
66000,,,,,,,,,,,,53.79875564575195,51.92832946777344,2.0844106674194336,,,,,,,65999
66022,-110.15635263887505,45.38212223276038,,,-115.72048514029846,,193.0,,,,,,,,0.020262552425265312,,0.06710851937532425,,0.828416109085083,,66022
66035,-110.24496580364024,45.37593899901798,,,-109.24953836599784,,172.0,,,,,,,,0.024098355323076248,,0.06945663690567017,,0.8344460725784302,,66035
66065,,,-143.45085108469925,132.493546186338,,-106.7904880298958,,205.0,-34.12698446599449,34.93559808033269,0.9103110854250395,,,,,0.02780584804713726,,0.08751078695058823,,0.8056318163871765,66065
66069,-110.33867799697235,45.393425663956435,,,-121.1033937643483,,188.0,,,,,,,,0.03556791692972183,,0.1138860359787941,,0.8222344517707825,,66069
66129,-110.89304723262545,45.61377599011802,,,-142.56183540830176,,223.0,,,,,,,,0.027433395385742188,,0.09439852833747864,,0.8673054575920105,,66129
66136,-110.49378166067234,45.543370114953994,,,-108.74903042328452,,186.0,,,,,,,,0.02382596954703331,,0.07710308581590652,,0.777508556842804,,66136
66151,,,-143.85160960808264,132.3332548262777,,-100.70881439860388,,200.0,-34.86372533649206,35.158274580538276,0.9688315884275477,,,,,0.021183045580983162,,0.06520119309425354,,0.8294157981872559,66151
66184,,,-155.88134135534696,151.08992508811392,,-671.565449718055,,480.0,62.27426844139894,68.01276985307534,-0.27804976264673203,,,,,0.0302052590996027,,0.101497121155262,,0.8777868747711182,66184
66213,-110.04047212676733,45.60706100527947,,,-92.53098019332126,,202.0,,,,,,,,0.015622373670339584,,0.06889121234416962,,0.8402410745620728,,66213
66235,-109.67319056797051,45.599024880829866,,,-101.67258744663567,,233.0,,,,,,,,0.010826051235198975,,0.0340198390185833,,0.8771427869796753,,66235
66268,-109.34434246719529,45.61584271438635,,,-98.95512470863768,,153.0,,,,,,,,0.021132295951247215,,0.07168510556221008,,0.8225542902946472,,66268
66320,-109.68727242384375,45.6441519804502,,,-121.85586561929733,,218.0,,,,,,,,0.0251026414334774,,0.08338599652051926,,0.8401448726654053,,66320
66345,-110.00124264746924,45.525919739764554,,,-100.5274874145544,,174.0,,,,,,,,0.024430682882666588,,0.06965167075395584,,0.7780865430831909,,66345
66346,-110.09385950510452,45.52617832267581,,,-112.49007959677672,,221.0,,,,,,,,0.016522860154509544,,0.05695296451449394,,0.8536031246185303,,66346
66366,,,-155.42034230403024,151.3158855677939,,-70.01317286478653,,180.0,-16.39041694601377,17.06478595137596,0.9106930997536694,,,,,0.00910425465553999,,0.028919070959091187,,0.8273493051528931,66366
66384,-114.05106468179119,38.11366392347937,,,-132.66680813391764,,196.0,,,,,,,,0.032231684774160385,,0.1063368171453476,,0.8519368767738342,,66384
66428,-114.14653923355498,38.09593455808376,,,-109.40970784900219,,238.0,,,,,,,,0.017167991027235985,,0.05773168057203293,,0.8320374488830566,,66428
66473,-114.63460284426043,38.015321142706405,,,-120.30651724691863,,195.0,,,,,,,,0.031096559017896652,,0.08865009248256683,,0.7492892146110535,,66473
66474,-114.60371306644257,38.017880597962154,,,-110.69694624639129,,178.0,,,,,,,,0.026581980288028717,,0.09850239753723145,,0.8176982402801514,,66474
66500,,,,,,,,,,,,53.1272087097168,49.515480041503906,2.0766801834106445,,,,,,,66474
66502,-114.88984200252871,37.97432651618785,,,-116.11629578585553,,168.0,,,,,,,,0.02945542521774769,,0.08914311975240707,,0.844463050365448,,66502
66503,,,-156.44618922726352,153.03259638902986,,-436.2365034479171,,480.0,-7.285873056203127,33.67345028792818,-0.09404059303818295,,,,,0.05450572818517685,,0.14940989017486572,,0.8069875836372375,66503
66517,,,-155.01338596791513,153.60814663380995,,-58.321643148899064,,195.0,-49.68463062261924,49.68463062261924,0.9182230749241627,,,,,0.003738421481102705,,0.013127539306879044,,0.8063604235649109,66517
66558,,,-154.39458210545322,153.77782830185663,,-97.08986727321766,,382.0,-6.121327619434028,7.390059083076047,0.6067790810931962,,,,,0.014002499170601368,,0.05332646891474724,,0.8507601022720337,66558
66564,-115.45494863062166,38.19682139763259,,,-144.2951873208041,,211.0,,,,,,,,0.03979663550853729,,0.12146469205617905,,0.8299447894096375,,66564
66592,-115.45368497272152,38.19657153864585,,,-122.9752345224273,,176.0,,,,,,,,0.026753757148981094,,0.08712916076183319,,0.8612335324287415,,66592
66626,-115.163629911529,38.27274637482601,,,-98.01601884827745,,182.0,,,,,,,,0.013440005481243134,,0.041321076452732086,,0.8763543367385864,,66626
66678,-115.1614839234477,38.27261216932119,,,-117.50239872053366,,176.0,,,,,,,,0.02613397315144539,,0.08252981305122375,,0.8439747095108032,,66678
66694,-115.27455777813789,38.26560847624005,,,-115.67451286934906,,189.0,,,,,,,,0.022567186504602432,,0.0644301325082779,,0.8479422926902771,,66694
66717,-115.53445976419427,38.26781244992666,,,-122.22656084063532,,198.0,,,,,,,,0.031010331586003304,,0.1073947623372078,,0.8173918128013611,,66717
66767,-114.95279432223789,37.98558332119257,,,-119.20139623584632,,203.0,,,,,,,,0.02386208064854145,,0.07520970702171326,,0.808219313621521,,66767
66791,-114.49847822417847,38.25377121531388,,,-80.86526029101464,,216.0,,,,,,,,0.0063409339636564255,,0.02033843845129013,,0.8084743618965149,,66791
66798,-113.89966184587419,38.09947250971408,,,-109.06573843798093,,201.0,,,,,,,,0.020848937332630157,,0.07730193436145782,,0.8224831819534302,,66798
66799,,,-154.41713399654964,153.76705499813784,,-81.51075068944509,,260.0,-3.1490442441059994,16.952092330272382,0.50353018524839,,,,,0.010124965570867062,,0.04510091617703438,,0.8776107430458069,66799
66833,-114.56622718048258,38.1383457555075,,,-133.12012436333538,,210.0,,,,,,,,0.025705264881253242,,0.08467578887939453,,0.835131824016571,,66833
66837,,,-153.57993023663855,154.0205329326426,,-86.47442732317425,,198.0,-37.739742482250385,38.95104259824512,0.9281545105283165,,,,,0.011463022790849209,,0.0329221673309803,,0.8701554536819458,66837
66882,-114.80750303548315,38.16523772831372,,,-124.97105994041824,,188.0,,,,,,,,0.023197179660201073,,0.07702893763780594,,0.8794480562210083,,66882
66926,,,-153.48215482130286,154.0504955835776,,-103.88345857603016,,329.0,-67.17265354880446,67.17265354880446,0.6733836094660726,,,,,0.012372325174510479,,0.04660831391811371,,0.8945554494857788,66926
66931,-115.33697053796844,38.18027037528769,,,-129.39272558876667,,202.0,,,,,,,,0.026963019743561745,,0.08075059950351715,,0.8704776167869568,,66931
66932,-114.6864491209216,38.06251184365005,,,-105.64947570419518,,185.0,,,,,,,,0.023987116292119026,,0.08707686513662338,,0.8099344372749329,,66932
66984,-111.22378720265834,29.37927041605935,,,-110.94971008712149,,152.0,,,,,,,,0.02793540619313717,,0.09705567359924316,,0.8547568321228027,,66984
66987,,,-154.06298194665766,153.8850024555504,,-124.42373132432988,,248.0,-45.53540524095297,45.65566371405317,0.9449578775902758,,,,,0.02700601890683174,,0.08043938875198364,,0.8092776536941528,66987
67000,,,,,,,,,,,,50.93416213989258,53.0163688659668,2.0983855724334717,,,,,,,66987
67009,-111.279518864352,29.382157255926717,,,-114.16683381180303,,207.0,,,,,,,,0.023348595947027206,,0.07049620896577835,,0.8051818013191223,,67009
67065,-111.30555647907482,29.38755622327914,,,-118.03650475830977,,215.0,,,,,,,,0.016709737479686737,,0.06337618082761765,,0.8672218918800354,,67065
67092,-111.34608487868998,29.38440047829885,,,-110.05089063531032,,169.0,,,,,,,,0.019824044778943062,,0.064666748046875,,0.8674919605255127,,67092
67128,-111.19818240702801,29.356844699261327,,,-113.04662635558408,,217.0,,,,,,,,0.022800764068961143,,0.07464617490768433,,0.7983847856521606,,67128
67130,-110.80598635654583,29.148217245348693,,,-116.75797484557803,,211.0,,,,,,,,0.021661419421434402,,0.0685918927192688,,0.86734938621521,,67130
67172,,,-154.31656286792824,153.78026710084478,,-96.99251401221136,,146.0,-40.11789348435728,40.327887395473375,0.9325098595031959,,,,,0.023977572098374367,,0.09206618368625641,,0.8875186443328857,67172
67188,-110.65977844364625,29.187142407646814,,,-99.31232736410416,,201.0,,,,,,,,0.014574847184121609,,0.049154043197631836,,0.8551896810531616,,67188
67224,-110.83009458363696,29.236236820931914,,,-123.42324434360444,,220.0,,,,,,,,0.024146057665348053,,0.08490539342164993,,0.8239448070526123,,67224
67233,-110.16055382075912,28.98710163806446,,,-104.58921659672306,,194.0,,,,,,,,0.021297356113791466,,0.08346155285835266,,0.8279959559440613,,67233
67235,,,-154.4373165136525,153.76378642492344,,-136.40869656286316,,272.0,-44.171580991105124,44.23217246834846,0.9103570263159972,,,,,0.02470454014837742,,0.08859943598508835,,0.847588300704956,67235
67289,-110.3314204525519,29.084867543158293,,,-131.1313667034806,,207.0,,,,,,,,0.027887871488928795,,0.08562172204256058,,0.8221632838249207,,67289
67313,,,-142.13519020900253,128.3986480580475,,-131.62139486333425,,200.0,-37.88867466330528,37.88867466330528,0.9155911205695999,,,,,0.02941192500293255,,0.08998315036296844,,0.85135817527771,67313
67333,-114.06301512007431,14.535792035392072,,,-120.45101726289046,,201.0,,,,,,,,0.029801927506923676,,0.09053909033536911,,0.836189866065979,,67333
67354,-114.63359935827819,13.90629643618834,,,-112.92358256941851,,203.0,,,,,,,,0.02947220765054226,,0.09705430269241333,,0.8028838038444519,,67354
67423,-114.92264381707623,13.92743674106635,,,-123.02209309152698,,189.0,,,,,,,,0.02998385764658451,,0.10280012339353561,,0.8410661816596985,,67423
67427,-114.89035915998174,13.929243550090497,,,-113.31988628585795,,188.0,,,,,,,,0.02500472404062748,,0.09181138873100281,,0.8337605595588684,,67427
67447,-115.00729664043105,13.874226901171511,,,-111.33178804008188,,212.0,,,,,,,,0.018771901726722717,,0.06569972634315491,,0.8499205708503723,,67447
67459,,,-141.67941425128132,128.5294360407995,,-93.64928064274282,,210.0,-84.90519536251114,84.90519536251114,0.8921006744689045,,,,,0.016315659508109093,,0.0591428168118,,0.8462387919425964,67459
67485,-115.40708235354928,13.171130946713905,,,-101.41973973665888,,182.0,,,,,,,,0.01861700229346752,,0.06305228918790817,,0.8404693007469177,,67485
67500,,,,,,,,,,,,48.89004898071289,54.93994140625,2.0893373489379883,,,,,,,67485
67515,-115.57858505259227,13.132320391175561,,,-116.80420440587095,,216.0,,,,,,,,0.022927379235625267,,0.07468298077583313,,0.8442299962043762,,67515
67534,,,-142.41756580404768,128.18775359698247,,-101.0864607830781,,183.0,-29.75451379297861,29.75451379297861,0.943709517409335,,,,,0.026240240782499313,,0.09145108610391617,,0.8332641124725342,67534
67570,-115.50672210073833,13.212809246319363,,,-98.99237659646836,,169.0,,,,,,,,0.024910887703299522,,0.07677669078111649,,0.7867284417152405,,67570
67587,-115.2837049219739,13.086223628419074,,,-117.28351249821691,,185.0,,,,,,,,0.027656948193907738,,0.09036799520254135,,0.846515953540802,,67587
67623,-114.16078310721093,12.00955489098457,,,-98.68024115364065,,184.0,,,,,,,,0.01815728098154068,,0.05361764878034592,,0.8271124958992004,,67623
67624,-114.19847160143777,12.014387470508057,,,-116.66206590251481,,178.0,,,,,,,,0.026258334517478943,,0.08791028708219528,,0.8331639766693115,,67624
67651,,,-142.14946121942626,128.28474275788128,,-89.19032290102096,,212.0,-63.65975049138069,63.65975049138069,0.9665868795281919,,,,,0.016463616862893105,,0.05200576037168503,,0.8025695085525513,67651
67668,,,-143.6360549324148,128.19792897226304,,-172.56859045890266,,337.0,-59.77929497932468,60.21001237400915,0.9242888066970208,,,,,0.0313749760389328,,0.09399421513080597,,0.7982456088066101,67668
67674,-114.27532738252894,12.036149347423839,,,-119.56327419485632,,211.0,,,,,,,,0.024671150371432304,,0.08567171543836594,,0.8012300729751587,,67674
67737,-114.53676754693714,12.066076492327138,,,-122.32154658640891,,188.0,,,,,,,,0.02888506092131138,,0.08540280163288116,,0.8175221085548401,,67737
67762,-114.024903534926,12.316898806495951,,,-95.5101931637911,,198.0,,,,,,,,0.013231919147074223,,0.04714908450841904,,0.8547393679618835,,67762
67795,-113.55014237002042,11.647061955395186,,,-118.8237771630226,,196.0,,,,,,,,0.021345514804124832,,0.0593671090900898,,0.8552292585372925,,67795
67796,-113.32661216312252,11.842666980152604,,,-97.5725200783894,,165.0,,,,,,,,0.018535815179347992,,0.06594976782798767,,0.8255978226661682,,67796
67848,-113.77687748644661,11.46542024984664,,,-115.04424635952635,,199.0,,,,,,,,0.02059999108314514,,0.07213735580444336,,0.8803317546844482,,67848
67854,-114.10682439956705,11.349127655714371,,,-118.16993310265796,,199.0,,,,,,,,0.025545086711645126,,0.07785291969776154,,0.828206479549408,,67854
67873,,,-142.92006847410383,128.37969234184823,,-92.81045676774002,,236.0,-85.6686200570252,85.6686200570252,0.9802815755453317,,,,,0.013314283452928066,,0.04452408850193024,,0.901077151298523,67873
67889,-113.93158556908213,11.64550361946067,,,-90.19318318439173,,151.0,,,,,,,,0.019648564979434013,,0.06347192078828812,,0.7934322357177734,,67889
67904,,,-149.56803973517913,137.6681988208284,,-498.30361267969965,,480.0,-15.478752468774717,25.960045129805803,0.3117194717746132,,,,,0.1000668853521347,,0.26569730043411255,,0.7597061395645142,67903
67933,-113.83376524281606,11.59897905965474,,,-116.9648493059929,,192.0,,,,,,,,0.02594415843486786,,0.07653525471687317,,0.8177326321601868,,67933
67956,-114.08773248980482,11.442817244695302,,,-113.22584976399195,,205.0,,,,,,,,0.021714238449931145,,0.07138574123382568,,0.857957124710083,,67956
67975,,,-150.2723774239829,137.36382255841582,,-108.101745181885,,195.0,-34.1960764622077,34.1960764622077,0.9465668443827362,,,,,0.029822632670402527,,0.09486078470945358,,0.797245442867279,67975
68000,,,,,,,,,,,,44.907718658447266,50.44167709350586,2.076348304748535,,,,,,,67975
68019,-114.43720057773791,11.653569340411492,,,-129.9634839934316,,190.0,,,,,,,,0.027696922421455383,,0.10172370076179504,,0.8428639769554138,,68019
68046,-114.45043601915299,11.674622728208432,,,-133.32858020467108,,200.0,,,,,,,,0.0314166359603405,,0.1080767959356308,,0.8412895202636719,,68046
68091,-114.35933080375364,11.731240213668725,,,-104.85444707903504,,203.0,,,,,,,,0.01773841492831707,,0.049589380621910095,,0.8314402103424072,,68091
68093,-114.29015323653212,11.706137895370276,,,-116.8476388858429,,188.0,,,,,,,,0.026332497596740723,,0.07365185022354126,,0.801140308380127,,68093
68125,-114.2683334144387,11.713829426243866,,,-109.6059551417202,,172.0,,,,,,,,0.024688687175512314,,0.07435406744480133,,0.8665476441383362,,68125
68130,,,-150.42820903622402,137.2768635612287,,-77.61696346132702,,201.0,59.007189095020294,60.010021384379165,-0.07082832672555092,,,,,0.011180746369063854,,0.039143938571214676,,0.8623682260513306,68130
68165,-114.16099876838548,11.720990343778563,,,-110.74956348319517,,198.0,,,,,,,,0.030049411579966545,,0.10460451245307922,,0.8043246865272522,,68165
68175,-113.52912915690872,10.902456590276513,,,-112.70170674696664,,177.0,,,,,,,,0.018718112260103226,,0.06075745448470116,,0.9010432362556458,,68175
68195,-108.27975765500585,37.01257197450538,,,139.49334057271795,,78.0,,,,,,,,0.050296369940042496,,0.13730789721012115,,0.8308093547821045,,68195
68247,-108.67291652514558,37.005865011156324,,,-117.673962355264,,197.0,,,,,,,,0.023609424009919167,,0.08138139545917511,,0.846818745136261,,68247
68248,-108.58604596201133,36.99013083628055,,,-113.15887056382107,,182.0,,,,,,,,0.02285606414079666,,0.07445911318063736,,0.8491023778915405,,68248
68249,,,-152.17889227604456,137.221369955379,,-190.72007398629623,,373.0,-67.51744223088426,67.76650552583443,0.8249023843085337,,,,,0.03471188247203827,,0.12325866520404816,,0.8094190955162048,68249
68272,,,-154.5186595607882,136.77582291741268,,-185.755184588004,,480.0,-81.14362128960589,81.14362128960589,0.0971119640426212,,,,,0.040953077375888824,,0.12287802249193192,,0.8101863861083984,68272
68297,-108.63882706886153,37.002088589164934,,,-118.31356821185993,,188.0,,,,,,,,0.025476206094026566,,0.07818377017974854,,0.8747285008430481,,68297
68320,-108.33432536814807,36.95162955644648,,,-107.00147580496214,,182.0,,,,,,,,0.01691048964858055,,0.05682389810681343,,0.8983147144317627,,68320
68378,-108.66759228211555,37.12288340339501,,,-135.86474193421918,,214.0,,,,,,,,0.03138161823153496,,0.09250622242689133,,0.8299566507339478,,68378
68397,-109.21240925375704,36.91014167730836,,,-108.10610887309034,,219.0,,,,,,,,0.017883246764540672,,0.06367362290620804,,0.8513185977935791,,68397
68403,,,-151.19126165665202,131.19972745745378,,-294.2084200241785,,480.0,-52.945354694128035,66.78679660956065,-0.012712289651916495,,,,,0.02811332792043686,,0.09376243501901627,,0.9095901846885681,68401
68442,-109.32687986164949,36.91838366082112,,,-114.78926883260327,,195.0,,,,,,,,0.025541087612509727,,0.07510970532894135,,0.8115463256835938,,68442
68488,,,-151.73622687537238,130.89393223759123,,-91.55383481931368,,172.0,-0.7282462802737258,10.49354606277721,0.8797894749739146,,,,,0.016654469072818756,,0.05157332494854927,,0.8205133080482483,68488
68494,-106.798626124232,39.4444877585163,,,-6.707437492460873,,252.0,,,,,,,,0.06769946962594986,,0.1919066458940506,,0.7808243632316589,,68494
68496,-106.47431076550514,39.36031323415847,,,-108.75529200407483,,190.0,,,,,,,,0.018886636942625046,,0.05565604567527771,,0.8708499073982239,,68496
68500,,,,,,,,,,,,63.007083892822266,54.46090316772461,2.0852982997894287,,,,,,,68496
68528,-101.82207447399665,48.95418591511073,,,103.21908898665755,,151.0,,,,,,,,0.07993525266647339,,0.197341650724411,,0.7035336494445801,,68528
68581,-102.38888534031982,49.15886082057084,,,-133.9900190203535,,200.0,,,,,,,,0.03249943256378174,,0.11585066467523575,,0.846781313419342,,68581
68598,-102.56238321986453,49.2040561463567,,,-119.62460406435763,,211.0,,,,,,,,0.02537364512681961,,0.0797911062836647,,0.8105196356773376,,68598
68630,-102.58364494358291,49.20929539713487,,,-115.22991999772239,,181.0,,,,,,,,0.027020692825317383,,0.09778367727994919,,0.8162950277328491,,68630
68642,,,-153.26261581717338,130.35176154278136,,-144.26213707955765,,295.0,6.3318479742034,20.81309500003265,0.7588799508346236,,,,,0.02412501722574234,,0.08021411299705505,,0.8423116207122803,68642
68651,,,-153.04353508621796,130.476555555683,,-73.38880191087952,,136.0,8.37546459103332,10.768990107318935,0.92469847217428,,,,,0.013111879117786884,,0.04630601406097412,,0.8869568705558777,68651
68670,-102.33993945766679,49.16231367513139,,,-105.85123046250295,,188.0,,,,,,,,0.02302694134414196,,0.0705113634467125,,0.8249315023422241,,68670
68701,-102.25255809655286,49.15241233840386,,,-105.68182257961442,,173.0,,,,,,,,0.024425428360700607,,0.07880893349647522,,0.8624640703201294,,68701
68740,-101.94615379534537,49.13191668350026,,,-97.72641129520915,,208.0,,,,,,,,0.014911851845681667,,0.04923323541879654,,0.8354119062423706,,68740
68759,,,-152.6630560223159,130.62854200210842,,-91.19070189729503,,174.0,-37.5836740262892,38.752642663388414,0.9121090854129482,,,,,0.01564730517566204,,0.05305517092347145,,0.889122486114502,68759
68767,-101.95614072205332,49.134977086933084,,,-117.2573211809762,,240.0,,,,,,,,0.022263554856181145,,0.07087649405002594,,0.851289689540863,,68767
68846,-102.38574033363214,49.20383772062177,,,-120.79230794304475,,222.0,,,,,,,,0.01459039282053709,,0.04599052295088768,,0.9191545844078064,,68846
68851,-102.20735819182818,49.143376009666625,,,-114.50413725340584,,193.0,,,,,,,,0.028605079278349876,,0.09824197739362717,,0.8204125761985779,,68851
68859,-102.35782060103438,49.16195148514832,,,-112.11233705703266,,186.0,,,,,,,,0.022757431492209435,,0.08159785717725754,,0.831230640411377,,68859
68891,,,-145.0204651160101,122.20178470860903,,-97.16295176505217,,196.0,14.907828780461331,14.953880701138049,0.9837519999723023,,,,,0.01388918049633503,,0.04092809557914734,,0.841052234172821,68891
68946,-101.23109472452882,49.13515772602901,,,-74.79507287820188,,173.0,,,,,,,,0.007082209922373295,,0.023399146273732185,,0.8585342764854431,,68946
68952,-101.24019506604527,49.13875861755521,,,-120.90603433871499,,186.0,,,,,,,,0.02383371815085411,,0.06766840815544128,,0.8465119004249573,,68952
68953,-101.4586757284524,49.214446488288345,,,-123.84761568977476,,216.0,,,,,,,,0.026103954762220383,,0.08095154911279678,,0.8441984057426453,,68953
69000,,,,,,,,,,,,54.13335418701172,50.35700225830078,2.0752153396606445,,,,,,,68953
69003,-101.47312400907659,49.220880535063465,,,-123.74450712273557,,183.0,,,,,,,,0.029048101976513863,,0.10331813991069794,,0.8564652800559998,,69003
69041,-101.28395986578009,49.19315486889904,,,-103.86167912103372,,201.0,,,,,,,,0.014087948948144913,,0.0496680811047554,,0.8782052993774414,,69041
69045,,,-144.93663276164278,122.23822266290279,,-89.75949259727865,,176.0,43.233666370538145,43.879608668386936,0.8234321048847862,,,,,0.01626976765692234,,0.05953698232769966,,0.7689724564552307,69045
69051,-101.19866875153299,49.17935500968158,,,-107.06723232772673,,191.0,,,,,,,,0.026578353717923164,,0.10124118626117706,,0.8008278012275696,,69051
69069,,,-145.00576569838915,122.19500537631687,,-70.29787269386082,,144.0,-15.6298526008096,16.43679285587536,0.9484853919464764,,,,,0.010595707222819328,,0.03790207952260971,,0.8860796093940735,69069
69101,-101.50916514424097,49.228754149779874,,,-116.94455937205653,,184.0,,,,,,,,0.026269307360053062,,0.08942680060863495,,0.8563321828842163,,69101
69108,,,-145.38591077500263,122.08448917025767,,-119.19085986395346,,186.0,58.005949558109364,58.88788024776726,0.5816047423248811,,,,,0.028196871280670166,,0.10012034326791763,,0.9051458835601807,69108
69120,-101.57747045918425,49.25229248749307,,,-120.21947015303633,,186.0,,,,,,,,0.030853746458888054,,0.11081906408071518,,0.8215813636779785,,69120
69185,-101.78664654929231,49.26307758166361,,,-109.45118110187124,,175.0,,,,,,,,0.026325026527047157,,0.08219291269779205,,0.8156383037567139,,69185
69201,-101.4662219013721,49.21331713043381,,,-101.26228010220672,,160.0,,,,,,,,0.030294783413410187,,0.10248638689517975,,0.8010041117668152,,69201
69226,-101.82810649761963,49.258006846944355,,,-116.77447096601534,,188.0,,,,,,,,0.027660593390464783,,0.09906419366598129,,0.8186644315719604,,69226
69262,-101.883516291419,49.27621712159449,,,-119.43255559248517,,209.0,,,,,,,,0.02172698825597763,,0.07020062208175659,,0.8689051866531372,,69262
69307,-101.95219100470058,49.3031943490511,,,-122.99700985893463,,240.0,,,,,,,,0.019741393625736237,,0.06324785202741623,,0.8492780923843384,,69307
69309,-101.8309315833906,49.26038478326453,,,-116.25857552091021,,206.0,,,,,,,,0.019857188686728477,,0.06341532617807388,,0.8286831974983215,,69309
69337,,,-157.1796792221888,142.56701420774456,,-675.9403634788924,,480.0,54.32337941117585,54.60920501537621,0.8938182542691248,,,,,0.041794098913669586,,0.12321995943784714,,0.8903660774230957,69337
69369,-102.06574868426793,49.25767847275639,,,-107.25104820765758,,224.0,,,,,,,,0.020855609327554703,,0.07812942564487457,,0.8115392923355103,,69369
69376,-101.59713398586725,49.20745023515266,,,-95.39304224298871,,174.0,,,,,,,,0.013913905248045921,,0.06528904289007187,,0.8703953623771667,,69376
69398,,,-157.61723653914186,142.4016605046829,,-114.49230149322288,,272.0,22.31307995100232,34.78959413617849,0.8658385460155823,,,,,0.015524985268712044,,0.07365107536315918,,0.9328172206878662,69398
69456,,,-157.7544700133501,142.34046668431986,,-97.6319657174048,,170.0,-43.24456719861311,43.24456719861311,0.9436290238996423,,,,,0.018465125933289528,,0.05650755763053894,,0.8813856244087219,69456
69500,,,,,,,,,,,,56.399269104003906,55.91815948486328,2.074058771133423,,,,,,,69456
69507,-102.21165086661995,49.34501688231024,,,-128.29836411602426,,203.0,,,,,,,,0.030789941549301147,,0.09004294872283936,,0.8216347098350525,,69507
69548,-102.5121272801518,49.467832915288184,,,-130.06806703611934,,225.0,,,,,,,,0.024235887452960014,,0.07168789207935333,,0.8246024250984192,,69548
69575,-102.22863129248306,49.41787907082117,,,-103.99513371922117,,199.0,,,,,,,,0.020198050886392593,,0.07821529358625412,,0.8059523105621338,,69575
69611,-102.26942163571613,49.4087688623454,,,-92.23270034604445,,184.0,,,,,,,,0.017622780054807663,,0.053240370005369186,,0.826278567314148,,69611
69633,-101.77575672652029,49.382777905316196,,,-92.2816038462017,,174.0,,,,,,,,0.016939468681812286,,0.05216703563928604,,0.8089093565940857,,69633
69657,-101.86968871895401,49.40892785207784,,,-117.92244938567755,,211.0,,,,,,,,0.016769826412200928,,0.04769717901945114,,0.8845634460449219,,69657
69658,,,-158.30077927165254,142.16092398275387,,-124.9351431910058,,214.0,-3.40172546907006,14.450827533118078,0.9203106899575799,,,,,0.03048192895948887,,0.0838875025510788,,0.8074892163276672,69658
69668,,,-158.6029374025328,142.016536559781,,-98.10816630136652,,143.0,-28.393342398263357,30.306174671733295,0.9759189196306461,,,,,0.021190844476222992,,0.06836956739425659,,0.9025688171386719,69668
69713,-101.20876592016548,49.2494732991227,,,-96.91734405400555,,188.0,,,,,,,,0.01999562978744507,,0.06758575886487961,,0.803795576095581,,69713
69735,-101.21286011793325,49.25215174330153,,,-133.5332900930593,,203.0,,,,,,,,0.029895739629864693,,0.08874204754829407,,0.874243438243866,,69735
69787,-101.56315812389359,49.33901558202414,,,-122.36934737705315,,220.0,,,,,,,,0.029249805957078934,,0.09186393022537231,,0.7958847284317017,,69787
69795,-101.55665640765034,49.33702239933954,,,-116.52255307367862,,183.0,,,,,,,,0.03179451823234558,,0.09555802494287491,,0.8243123292922974,,69795
69855,-101.35550871490275,49.32429566467554,,,-99.54857050434133,,200.0,,,,,,,,0.023446878418326378,,0.09415959566831589,,0.8126108646392822,,69855
69856,-101.42876136122126,49.3409095286928,,,-114.4121957991213,,183.0,,,,,,,,0.029182281345129013,,0.10725089907646179,,0.8067611455917358,,69856
69857,,,-158.56213462236303,142.0374796029034,,-84.66356740341381,,156.0,64.05987838292734,64.05987838292734,0.4678864876995386,,,,,0.01682712696492672,,0.049819234758615494,,0.8103410601615906,69857
69859,,,-158.21270171954956,142.17395611586574,,-94.149973717555,,164.0,-18.39377790980223,18.624617406507816,0.9419342246406244,,,,,0.014609931036829948,,0.05147869512438774,,0.9215438961982727,69859
69918,-101.55362732319608,49.37716629549476,,,-118.9450048457071,,187.0,,,,,,,,0.031119510531425476,,0.09129638969898224,,0.774436354637146,,69918
69920,-106.57716491039109,35.39559448535947,,,-111.68353878703185,,185.0,,,,,,,,0.027430443093180656,,0.09429524093866348,,0.8334939479827881,,69920
69984,-106.39422444420033,35.36138990298268,,,-108.5269390457282,,174.0,,,,,,,,0.026656633242964745,,0.0916566401720047,,0.8047719597816467,,69984
70000,,,,,,,,,,,,41.283653259277344,45.32572937011719,2.0766279697418213,,,,,,,69984
70054,-106.46651917363232,35.37883678500306,,,-116.77360703541989,,177.0,,,,,,,,0.034661661833524704,,0.10762045532464981,,0.783383846282959,,70054
70058,-108.50629598994308,38.779718252679636,,,-220.30240902739737,,480.0,,,,,,,,0.050406891852617264,,0.141792431473732,,0.8331908583641052,,70058
70090,-108.25513692334496,38.829285458057534,,,-94.44352247505509,,190.0,,,,,,,,0.017992325127124786,,0.06005047634243965,,0.8362505435943604,,70090
70091,,,-156.73214238104526,142.7416956964099,,-65.83114725136626,,248.0,-41.73437494400047,41.73437494400047,0.8332019522275407,,,,,0.0036600804887712,,0.011078051291406155,,0.8910505175590515,70091
70125,-107.69249138211212,38.62844155700009,,,-107.73246487257799,,206.0,,,,,,,,0.015441304072737694,,0.04883885383605957,,0.8344437479972839,,70125
70155,-107.52780089173197,38.64387770800435,,,-99.87158435408205,,179.0,,,,,,,,0.019194085150957108,,0.0592481754720211,,0.848613440990448,,70155
70192,-107.5543682861516,38.64931702336747,,,-116.11763855358589,,220.0,,,,,,,,0.019515356048941612,,0.07203209400177002,,0.8403221964836121,,70192
70193,,,-157.29233161406827,142.49642247853765,,-108.57264813579326,,274.0,-19.160231101904472,19.16515910603704,0.7370033589417192,,,,,0.0229603573679924,,0.10014281421899796,,0.8169134259223938,70193
70229,-110.30329087356003,36.18841097230202,,,-144.15356686288231,,220.0,,,,,,,,0.03237447887659073,,0.12061876803636551,,0.8127578496932983,,70229
70259,-110.3078894976415,36.18822857767839,,,-108.98522320814746,,177.0,,,,,,,,0.028943944722414017,,0.10235574096441269,,0.8514975309371948,,70259
70291,-114.72738801494283,19.475367725332372,,,-117.75583687840845,,189.0,,,,,,,,0.028831304982304573,,0.10129261016845703,,0.8391326069831848,,70291
70292,,,-157.1759594114057,142.55623872126665,,-81.06516681815981,,177.0,-0.9041712698289903,13.20163455285595,0.7779049504902978,,,,,0.010279557667672634,,0.056898221373558044,,0.9007884860038757,70292
70324,-114.5175327407883,19.32260699761281,,,-123.4972553126283,,194.0,,,,,,,,0.0248408243060112,,0.0811021700501442,,0.8675400614738464,,70324
70386,-114.20776640132081,19.362359042066135,,,-104.13628709098231,,369.0,,,,,,,,0.031643275171518326,,0.08945152163505554,,0.8749071955680847,,70386
70418,-113.8995772380189,19.465995012047497,,,-99.82046183262668,,190.0,,,,,,,,0.01754138246178627,,0.07264333963394165,,0.8323297500610352,,70418
70419,,,-158.1743203024088,142.29353881462333,,-145.15772919055547,,284.0,-64.73566757205506,65.02049712563904,0.7981017009716833,,,,,0.02484329417347908,,0.08539701998233795,,0.8831242918968201,70419
70451,-114.19187018154305,19.45266909570221,,,-120.46587763871163,,194.0,,,,,,,,0.025147641077637672,,0.0800807997584343,,0.8420928120613098,,70451
70485,-114.41036596239957,19.41717785522452,,,-116.60661162243971,,204.0,,,,,,,,0.018995635211467743,,0.05798906832933426,,0.8783828020095825,,70485
70500,,,,,,,,,,,,46.73210144042969,38.54805374145508,2.064356803894043,,,,,,,70485
70519,-114.85364492448656,19.283770879106637,,,-119.89035939955832,,202.0,,,,,,,,0.018419528380036354,,0.057536058127880096,,0.857719361782074,,70519
70520,,,-158.60039551462694,142.2987576305916,,-170.78216385075058,,318.0,-57.27450359017594,57.61405765860336,0.9787384910786071,,,,,0.03454617038369179,,0.10863035917282104,,0.8353534936904907,70520
70550,-114.80659446536474,19.28071846987192,,,-114.90479822488557,,183.0,,,,,,,,0.02290179207921028,,0.0717536062002182,,0.8234036564826965,,70550
70585,-114.55087149045625,19.284425154887106,,,-108.00615919761933,,206.0,,,,,,,,0.025006325915455818,,0.08528970181941986,,0.8286047577857971,,70585
70618,-114.58288691089952,19.285649729581525,,,-116.10490827557051,,198.0,,,,,,,,0.02336808666586876,,0.07479257136583328,,0.8245852589607239,,70618
70619,,,-150.99301796360922,136.2229367783507,,-75.836399232468,,189.0,-74.37265352660386,74.37265352660386,0.9348900799119846,,,,,0.01059791725128889,,0.03695422410964966,,0.8806626796722412,70619
70651,-114.3983036871096,19.352462555549835,,,-102.88317586753602,,196.0,,,,,,,,0.014830542728304863,,0.0451052300632,,0.8478867411613464,,70651
70681,-115.43712855381054,18.577267374727462,,,-126.73631621324928,,175.0,,,,,,,,0.044114094227552414,,0.12584519386291504,,0.8116376399993896,,70681
70716,-114.96079239813766,18.73559976420121,,,-97.0892265550702,,210.0,,,,,,,,0.01885288767516613,,0.062152426689863205,,0.813824474811554,,70716
70717,,,-150.67216141742935,136.40915646987807,,-63.69565710768737,,174.0,9.775680156617328,22.375016101132864,0.6819555481138747,,,,,0.005714159458875656,,0.025425726547837257,,0.9266623258590698,70717
70748,-114.4879733556729,18.80354526318568,,,-100.20666356653759,,188.0,,,,,,,,0.019090548157691956,,0.06585000455379486,,0.8423141241073608,,70748
70782,-114.3738846341907,18.764300622221263,,,-118.04007104862582,,203.0,,,,,,,,0.025972498580813408,,0.08662243187427521,,0.8492145538330078,,70782
70815,-114.97679710709939,18.900655206823497,,,-134.00730276646794,,196.0,,,,,,,,0.037152644246816635,,0.12218204140663147,,0.823293924331665,,70815
70816,,,-150.59108245827,136.44426738483014,,-89.52561278947158,,375.0,8.892390287399293,18.154953397750855,0.4647791408377598,,,,,0.009326623752713203,,0.03438931703567505,,0.8314430713653564,70816
70850,-115.11774189909077,18.86739382127715,,,-114.11447192729713,,210.0,,,,,,,,0.01838471181690693,,0.05943462252616882,,0.8220645189285278,,70850
70876,-114.92365456622953,18.8974932224183,,,-107.24019272899312,,155.0,,,,,,,,0.02684766612946987,,0.0861809179186821,,0.8187751770019531,,70876
70912,-115.39021587496536,19.306040212301685,,,-143.5475355898283,,213.0,,,,,,,,0.032428592443466187,,0.09826423972845078,,0.8367590308189392,,70912
70913,,,-149.54051352615446,136.6989351397811,,-90.69533861065919,,170.0,68.41115091408,69.28011745424831,0.6213479860128989,,,,,0.02165665477514267,,0.08681479841470718,,0.8753657937049866,70913
70943,-115.31653431128143,19.335573513222673,,,-105.76710291767358,,183.0,,,,,,,,0.024923861026763916,,0.086761474609375,,0.8418323993682861,,70943
70977,-115.64974419103177,19.23379272919057,,,-117.92277408972403,,200.0,,,,,,,,0.02656998485326767,,0.08339650928974152,,0.8478152751922607,,70977
71000,,,,,,,,,,,,42.82814407348633,41.632728576660156,2.071582317352295,,,,,,,70977
71011,-115.66380571075581,19.23486683279704,,,-117.47754695221747,,202.0,,,,,,,,0.021937763318419456,,0.07704392075538635,,0.8581547737121582,,71011
71012,,,-145.1844808876116,134.87615184054354,,-95.28202375597792,,289.0,46.56018640425791,46.57785535601184,-0.15722965721176535,,,,,0.015158142894506454,,0.058296773582696915,,0.8375234007835388,71012
71042,-115.56199910859102,19.2281200189637,,,-114.34222548424556,,184.0,,,,,,,,0.025888262316584587,,0.08336932957172394,,0.8310050368309021,,71042
71072,-115.20458064943168,19.25267329706903,,,-105.12608690096711,,180.0,,,,,,,,0.02209729701280594,,0.09079441428184509,,0.8106678128242493,,71072
71102,-115.3159732484593,19.274549301725706,,,-121.82820547229154,,178.0,,,,,,,,0.02641693688929081,,0.08870461583137512,,0.8648760914802551,,71102
71103,,,-144.97388447763822,134.94413955774777,,-96.26066753122717,,222.0,10.73610426901697,20.042236766031195,0.8529920233747526,,,,,0.021671129390597343,,0.08988311141729355,,0.8322637677192688,71103
71139,-115.58073906877438,19.25285858871323,,,-120.48933922341227,,218.0,,,,,,,,0.019028887152671814,,0.0572550892829895,,0.8182656764984131,,71139
71174,-115.98783138184378,19.03566481268602,,,-115.74765789645775,,205.0,,,,,,,,0.02834244817495346,,0.08909391611814499,,0.7876145243644714,,71174
71207,-116.2689717340265,19.317128794452547,,,-142.35538172516087,,196.0,,,,,,,,0.029509328305721283,,0.10272253304719925,,0.8614197969436646,,71207
71208,,,-145.28517871374203,134.85959431793637,,-116.27352620379337,,207.0,-7.988687955814859,18.986133457381943,0.9679074717210803,,,,,0.02519853226840496,,0.08569273352622986,,0.847027063369751,71208
71244,-115.85496962073563,19.238613395174475,,,-109.36796137157538,,218.0,,,,,,,,0.02079717628657818,,0.07768101990222931,,0.8625431656837463,,71244
71279,-116.39666646378289,19.278322335041775,,,-131.07997587158525,,208.0,,,,,,,,0.03159068152308464,,0.1027425080537796,,0.853991687297821,,71279
71310,-116.72273663784921,19.002767717883888,,,-108.53620904935943,,185.0,,,,,,,,0.01850958541035652,,0.062099162489175797,,0.8643572926521301,,71310
71311,,,-133.28165129293382,112.30681060425374,,-71.3890786776452,,189.0,-35.4851703902401,37.49527075870958,0.9176058670905967,,,,,0.006612076889723539,,0.028327222913503647,,0.925167441368103,71311
71346,-117.33276694952603,18.695460125593723,,,-122.78311943004319,,215.0,,,,,,,,0.027068158611655235,,0.07881827652454376,,0.8229023218154907,,71346
71378,-117.25168433161205,18.70151727726401,,,-113.86831848997836,,188.0,,,,,,,,0.027107657864689827,,0.08751475811004639,,0.8187301754951477,,71378
71411,-117.75168497422275,18.484112463086053,,,-121.91737618454098,,196.0,,,,,,,,0.028177360072731972,,0.08849198371171951,,0.8371196985244751,,71411
71412,,,-133.42073420976115,112.23265317136364,,-76.9673187061534,,176.0,-45.119016744196415,45.38175686990673,0.9770031904965711,,,,,0.015697017312049866,,0.05402757227420807,,0.8392140865325928,71412
71447,-117.58895780610791,18.379982267682262,,,-125.39693168731705,,211.0,,,,,,,,0.023196745663881302,,0.08198457211256027,,0.8956391215324402,,71447
71476,-117.45061781698855,18.36950924098791,,,-115.45234792108542,,171.0,,,,,,,,0.024350741878151894,,0.0748109444975853,,0.8680928945541382,,71476
71500,,,,,,,,,,,,52.71572494506836,59.3707389831543,2.080880641937256,,,,,,,71476
71510,-117.57321785707776,18.3833570363776,,,-122.65255507813926,,202.0,,,,,,,,0.031066130846738815,,0.11005637794733047,,0.8241817951202393,,71510
71511,,,-135.62174902139353,119.02332237133982,,-546.2872440295349,,480.0,25.75614124846955,40.4984942206492,0.4859300012713921,,,,,0.024069203063845634,,0.07267915457487106,,0.9760482311248779,71511
71547,-118.05410346048583,18.21931739403947,,,-123.59285067474504,,218.0,,,,,,,,0.02855832688510418,,0.09505558758974075,,0.8291446566581726,,71547
71582,-118.22308428228611,18.22393680285222,,,-122.86123688913479,,206.0,,,,,,,,0.026052605360746384,,0.0906582772731781,,0.8115371465682983,,71582
71614,-118.16911344776616,18.225714717996162,,,-116.24646311970938,,192.0,,,,,,,,0.03180592879652977,,0.11443539708852768,,0.8083779811859131,,71614
71615,,,-144.2103884416165,128.27009559045257,,-487.7536141600475,,480.0,33.584821260223784,59.695346158991256,-0.4603885675090623,,,,,0.06143063306808472,,0.16221772134304047,,0.7915593385696411,71615
71648,-118.53260938004712,18.273917267867738,,,-129.85833540108052,,200.0,,,,,,,,0.021722903475165367,,0.07272644340991974,,0.8826934695243835,,71648
71680,-118.54581886928669,18.266917166378573,,,-109.18741350770509,,187.0,,,,,,,,0.01737733744084835,,0.06503492593765259,,0.8916367292404175,,71680
71716,-118.97551242559395,18.471719947442786,,,-138.25828485078353,,212.0,,,,,,,,0.024305040016770363,,0.07335742563009262,,0.8985846638679504,,71716
71717,,,-144.27235201539227,128.24806449121786,,-100.188045962007,,170.0,66.53028347632464,67.56501212120057,0.06424422863648462,,,,,0.023414326831698418,,0.08892028033733368,,0.8929265141487122,71717
71757,-114.42864152798529,20.80364189813369,,,7.041135853036264,,246.0,,,,,,,,0.06954274326562881,,0.1896214634180069,,0.7384768128395081,,71757
71787,-114.71484918902797,20.624392216570225,,,-108.75390552719044,,180.0,,,,,,,,0.018215086311101913,,0.06263009458780289,,0.8800585269927979,,71787
71824,-115.01261798649425,20.628910017756393,,,-122.62090474589155,,217.0,,,,,,,,0.02369013987481594,,0.0731271505355835,,0.8146591186523438,,71824
71825,,,-144.6043601095207,128.10656722360486,,-98.11115539586744,,173.0,47.3050976550648,47.3050976550648,0.8641542865834523,,,,,0.01884596236050129,,0.06435056775808334,,0.8984005451202393,71825
71856,-115.28003566258934,20.51726265675547,,,-113.24246815883747,,188.0,,,,,,,,0.01843109540641308,,0.05049102008342743,,0.871457576751709,,71856
71892,-115.07324413460641,20.559840043861687,,,-105.77806215443869,,213.0,,,,,,,,0.021640939638018608,,0.07780122011899948,,0.8076075911521912,,71892
71922,-114.21455334384198,20.221156144586832,,,-101.21902732465942,,178.0,,,,,,,,0.017990706488490105,,0.05790127441287041,,0.8427547216415405,,71922
71923,,,-153.42192468749897,138.5492205050455,,-527.3526562220866,,480.0,38.38022710805138,44.39699866448839,-0.23478015222686033,,,,,0.06780873984098434,,0.1862040013074875,,0.7985982298851013,71923
71957,-114.73382475449634,20.412661993216595,,,-134.9487937408666,,207.0,,,,,,,,0.034058962017297745,,0.1040039137005806,,0.8185508251190186,,71957
71992,-111.45551445090273,30.388833254474513,,,46.159678301272834,,207.0,,,,,,,,0.0793723538517952,,0.2075190246105194,,0.7268413305282593,,71992
72000,,,,,,,,,,,,53.966590881347656,48.69186782836914,2.076087236404419,,,,,,,71992
72024,-111.43079966417237,30.37953091585203,,,-122.2615159761107,,188.0,,,,,,,,0.02913115918636322,,0.1019027829170227,,0.812167227268219,,72024
72025,,,-153.571893964882,138.49956698505846,,-111.38192244518157,,260.0,-69.5028459849266,69.5028459849266,0.8563342545266286,,,,,0.017503870651125908,,0.06492200493812561,,0.8580688834190369,72025
72057,-111.71985203509952,30.377506789447423,,,-118.58890563733986,,196.0,,,,,,,,0.021106554195284843,,0.07396884262561798,,0.8658890128135681,,72057
72092,-112.1777244941249,30.367232749874834,,,-122.71408478389611,,204.0,,,,,,,,0.029654720798134804,,0.09387654066085815,,0.8321818113327026,,72092
72171,-113.19472141654192,31.459604759695907,,,-171.31572375956293,,480.0,,,,,,,,0.047397151589393616,,0.1483737826347351,,0.836703360080719,,72171
72172,,,-152.7889197765214,138.77252593154878,,-85.27502190630007,,180.0,-7.283071979549196,19.022214555078083,0.9326764047760825,,,,,0.021143697202205658,,0.07496834546327591,,0.8129891753196716,72172
72207,-113.09884642019631,31.456365181716823,,,-111.8128618051589,,207.0,,,,,,,,0.022661030292510986,,0.09552308917045593,,0.8369324207305908,,72207
72244,-113.06934027948085,31.450672294482086,,,-118.41505236378597,,225.0,,,,,,,,0.025163590908050537,,0.098456472158432,,0.8214010000228882,,72244
72270,-112.95786939664144,31.453846341394467,,,-109.33125408291407,,154.0,,,,,,,,0.027545355260372162,,0.0843658447265625,,0.8173562288284302,,72270
72271,,,-152.52727924832524,138.8897601988979,,-83.91048760240437,,171.0,39.29074473060363,46.68876745477755,0.6249805265547552,,,,,0.012654784135520458,,0.03874744847416878,,0.9170645475387573,72271
72300,-113.44856219781325,31.56395261057661,,,-132.5407992562101,,175.0,,,,,,,,0.038423776626586914,,0.12613919377326965,,0.8242329359054565,,72300
72333,-113.16659192889367,31.60191351108542,,,-102.0063948295913,,194.0,,,,,,,,0.019372474402189255,,0.06778281182050705,,0.7754281163215637,,72333
72364,-113.39609970830983,31.568048828076595,,,-114.35856483834498,,182.0,,,,,,,,0.024356605485081673,,0.07452920824289322,,0.8474783301353455,,72364
72365,,,-151.77392837251665,139.07717542585894,,-98.74115277243216,,278.0,23.476117340888052,24.504983580476946,0.8853315059001114,,,,,0.009095577523112297,,0.028851870447397232,,0.8470262885093689,72365
72400,-113.34125094301707,31.547198432973616,,,-123.99387794861111,,211.0,,,,,,,,0.025265280157327652,,0.08918678760528564,,0.8179625272750854,,72400
72432,-113.70773793861497,31.462592724820762,,,-115.41357633496517,,187.0,,,,,,,,0.02613327093422413,,0.08199643343687057,,0.8362593054771423,,72432
72467,-113.83644177034057,31.4202344055306,,,-106.64185515281635,,207.0,,,,,,,,0.02021520398557186,,0.06809410452842712,,0.8012765049934387,,72467
72468,,,-151.06280262011387,139.2691709873187,,-96.06510724319583,,216.0,32.128221918035436,33.25655006479334,0.716377190384224,,,,,0.017701921984553337,,0.07563052326440811,,0.8678121566772461,72468
72500,-114.00035184921248,31.463083505839467,,,-126.23557499222211,,196.0,,,,,47.830589294433594,47.654415130615234,2.072214126586914,0.03363191708922386,,0.10574652254581451,,0.8242665529251099,,72500
72542,-114.32741956816012,31.75302459043454,,,-150.36068871385112,,247.0,,,,,,,,0.029885733500123024,,0.08953213691711426,,0.8345353603363037,,72542
72574,-114.10079543980956,31.79414498095071,,,-102.78326550976684,,190.0,,,,,,,,0.02251238003373146,,0.07314395904541016,,0.7959469556808472,,72574
72575,,,-150.56792942930525,139.51604526864313,,-68.90562110231356,,186.0,-9.644882351800959,12.520601410058237,0.9656053661535591,,,,,0.00674563879147172,,0.024759314954280853,,0.9044699668884277,72575
72608,-114.26144464041433,31.779363657953986,,,-115.27265275923129,,204.0,,,,,,,,0.024874672293663025,,0.08406443148851395,,0.8178245425224304,,72608
72633,-113.5342482079544,31.51581175702134,,,-107.18771396683364,,149.0,,,,,,,,0.025325249880552292,,0.08004269003868103,,0.858730673789978,,72633
72667,-113.84765211969224,31.51492919003183,,,-121.43729850456494,,202.0,,,,,,,,0.02368931658565998,,0.09065715223550797,,0.8212737441062927,,72667
72668,,,-149.89409327631628,139.83440347514053,,-67.39465313362868,,180.0,-34.21242778897285,34.21242778897285,0.9843972674519169,,,,,0.006963880266994238,,0.02316920831799507,,0.8345526456832886,72668
72747,-117.45330705017018,40.73836466411146,,,-298.2055206136214,,480.0,,,,,,,,0.07921554148197174,,0.20143717527389526,,0.7145572304725647,,72747
72781,-117.54972563981549,40.74401257286146,,,-122.29847643448258,,201.0,,,,,,,,0.026619119569659233,,0.09553514420986176,,0.8432003259658813,,72781
72861,-119.16657004264775,42.163937298546855,,,-195.18444562585904,,480.0,,,,,,,,0.06264162808656693,,0.18134379386901855,,0.7868439555168152,,72861
72862,,,-150.0708924190002,139.76311131709312,,-98.03028003521578,,168.0,62.82964802072162,62.82964802072162,0.794764305483491,,,,,0.013865277171134949,,0.05394616723060608,,0.8992592096328735,72862
72896,-119.56360083200335,42.12330280549662,,,-124.97762636874602,,208.0,,,,,,,,0.02339356206357479,,0.07072088122367859,,0.8833603858947754,,72896
72931,-119.9032652866065,42.20858059432883,,,-138.81142820244864,,205.0,,,,,,,,0.030399078503251076,,0.1025012955069542,,0.8552700281143188,,72931
72969,-120.0425929081176,42.22178093689231,,,-127.4557202989677,,225.0,,,,,,,,0.021730860695242882,,0.07743020355701447,,0.8603169918060303,,72969
72970,,,-148.43745398306805,139.96773917839948,,-90.89666866229592,,222.0,-33.65170336414028,33.65170336414028,0.9172388208088778,,,,,0.013497769832611084,,0.047542765736579895,,0.8727564811706543,72970
73000,,,,,,,,,,,,51.76640319824219,58.69019317626953,2.0676708221435547,,,,,,,72970
73003,-119.86084862691179,42.25941863584687,,,-106.6604438361675,,202.0,,,,,,,,0.019010379910469055,,0.06668559461832047,,0.8483650088310242,,73003
73036,-119.27278425298393,42.146733705942076,,,-112.9521630287689,,193.0,,,,,,,,0.02397562749683857,,0.08743687719106674,,0.8576255440711975,,73036
73067,-119.39967672236995,42.12626793880091,,,-115.7125848408756,,182.0,,,,,,,,0.029551448300480843,,0.08787372708320618,,0.7857662439346313,,73067
73068,,,-147.96530974447305,140.1942189682708,,-69.20324483798953,,198.0,-3.556219038337168,13.585910455145017,0.8932533672220104,,,,,0.00690570380538702,,0.02766009420156479,,0.8814661502838135,73068
73103,-119.05619635809815,42.099637800221835,,,-113.90595765799598,,214.0,,,,,,,,0.030317585915327072,,0.10607502609491348,,0.7910121083259583,,73103
73137,-118.88990549106447,42.15724419956618,,,-100.22166569767484,,202.0,,,,,,,,0.017965059727430344,,0.06432399153709412,,0.8323244452476501,,73137
73168,-118.75073669707243,42.15564778807715,,,-115.82467973044103,,186.0,,,,,,,,0.029947591945528984,,0.10925803333520889,,0.777800440788269,,73168
73169,,,-139.8423468614761,131.1334920742304,,-92.15546852985162,,190.0,-18.23249494151065,18.407785275107937,0.9200033594132591,,,,,0.019266024231910706,,0.0549372173845768,,0.8152271509170532,73169
73204,-119.1610454833511,42.20593979477149,,,-134.3837578039132,,212.0,,,,,,,,0.028895046561956406,,0.10231984406709671,,0.880113959312439,,73204
73244,-119.26259318697521,42.218555599826,,,-126.99476136574563,,238.0,,,,,,,,0.027767669409513474,,0.08914561569690704,,0.8272740840911865,,73244
73276,-119.59849213736828,42.332682997912194,,,-142.19187920697104,,188.0,,,,,,,,0.03905302658677101,,0.12252278625965118,,0.8115978240966797,,73276
73277,,,-139.48528739729173,131.24369085646242,,-90.24877197266781,,171.0,62.5114644514887,63.157320896087334,0.5406220937219272,,,,,0.013371335342526436,,0.05721716955304146,,0.9486513733863831,73277
73312,-119.89782524626908,42.35521583606237,,,-130.4190033661251,,206.0,,,,,,,,0.03608018532395363,,0.11361865699291229,,0.8061187267303467,,73312
73350,-116.63397925878954,47.93708503415793,,,40.5397442958394,,232.0,,,,,,,,0.060906607657670975,,0.16786186397075653,,0.7510437965393066,,73350
73382,-115.96822743658045,48.066791112686786,,,-90.30525956429238,,190.0,,,,,,,,0.01302835438400507,,0.04752201959490776,,0.8507434129714966,,73382
73383,,,-139.3805395445834,131.29510718725314,,-72.37957082590972,,167.0,-35.041710357466144,35.041710357466144,0.9072059239931375,,,,,0.011200767941772938,,0.04085899516940117,,0.8645347952842712,73383
73421,-116.18158935992167,48.12056173389645,,,-133.52933305619513,,230.0,,,,,,,,0.02440519630908966,,0.08457358926534653,,0.8716650605201721,,73421
73450,-115.942866775948,48.14924633943355,,,-104.31033392102688,,170.0,,,,,,,,0.021297115832567215,,0.07296367734670639,,0.8600350618362427,,73450
73482,-115.69131930881939,48.108727394985806,,,-117.28096204464849,,192.0,,,,,,,,0.017768917605280876,,0.055350180715322495,,0.9019983410835266,,73482
73483,,,-137.471344219012,131.22872050635118,,-95.26030770772616,,248.0,14.97063333204677,21.565825995177992,0.7919314660525579,,,,,0.01294631976634264,,0.043066658079624176,,0.8407132029533386,73483
73500,,,,,,,,,,,,47.82658004760742,50.1250114440918,2.0646896362304688,,,,,,,73483
73514,-116.07951358259739,48.13298389360665,,,-128.59712719660575,,192.0,,,,,,,,0.033534660935401917,,0.09914103895425797,,0.7942945957183838,,73514
73548,-115.28395524128304,48.08854194280054,,,-98.48036778506723,,204.0,,,,,,,,0.012020033784210682,,0.039449092000722885,,0.8817812204360962,,73548
73583,-117.93232449693357,44.813647154480385,,,-125.3773269294907,,210.0,,,,,,,,0.024328801780939102,,0.07616119086742401,,0.8412269949913025,,73583
73584,,,-135.5813445201389,131.20021738718134,,-91.2551996443489,,209.0,63.03868454951419,64.42438769568668,0.42191900360253554,,,,,0.014185239560902119,,0.06882444024085999,,0.8903195858001709,73584
73615,-118.33104824119854,44.81889907971818,,,-128.69009274043762,,189.0,,,,,,,,0.026454441249370575,,0.08134321123361588,,0.817741870880127,,73615
73654,-118.33598873755577,44.819385301179,,,-122.86792956375345,,230.0,,,,,,,,0.026913730427622795,,0.09034367650747299,,0.826386034488678,,73654
73686,-118.68528804690331,44.84637624940254,,,-130.70743362621505,,188.0,,,,,,,,0.027860213071107864,,0.098406583070755,,0.8958519697189331,,73686
73687,,,-132.23054224208983,129.23082848123977,,-126.66830612172453,,195.0,-44.39870847647007,44.39870847647007,0.9870371122185959,,,,,0.02618962712585926,,0.08414286375045776,,0.8726527094841003,73687
73715,-118.49658033384577,44.92008201584841,,,-96.34267650156097,,174.0,,,,,,,,0.011904625222086906,,0.04338623955845833,,0.8941372036933899,,73715
73746,-118.78347757359387,44.85457830653692,,,-115.56388931206405,,182.0,,,,,,,,0.02712150663137436,,0.0905052199959755,,0.7943887710571289,,73746
73786,-118.91109482901895,44.90943290281201,,,-141.32965651212078,,236.0,,,,,,,,0.027491245418787003,,0.09205914288759232,,0.8680056929588318,,73786
73787,,,-131.96603383694293,129.3273132871975,,-78.32841456196944,,186.0,28.60039567210341,31.502838235068065,0.5851095901153361,,,,,0.016211874783039093,,0.07134189456701279,,0.887859046459198,73787
73821,-122.4604657398127,38.2408946308457,,,-131.3088672384144,,206.0,,,,,,,,0.03461270406842232,,0.10864251852035522,,0.803089439868927,,73821
73851,-121.94890975737917,38.41083644866521,,,-96.68371685443378,,180.0,,,,,,,,0.01615040749311447,,0.05798671394586563,,0.8449618816375732,,73851
73880,-121.88411118088946,38.41918202635635,,,-115.34897681285594,,172.0,,,,,,,,0.0318409726023674,,0.0994020327925682,,0.8383074998855591,,73880
73881,,,-130.58011764771717,129.55920903387232,,-74.9663276182694,,176.0,-17.204606020992454,20.132459090514615,0.9510177106035621,,,,,0.0088265435770154,,0.03188338130712509,,0.8678116798400879,73881
73915,-121.71656036355091,38.433462147019064,,,-114.33654391696822,,210.0,,,,,,,,0.021007709205150604,,0.06937699019908905,,0.8416374325752258,,73915
73953,-120.65376104072622,37.7763242745463,,,-118.17575761832694,,228.0,,,,,,,,0.018645746633410454,,0.059690073132514954,,0.876107931137085,,73953
73988,-120.82250532125983,37.75529407000496,,,-120.2500758318399,,210.0,,,,,,,,0.030205080285668373,,0.09926752746105194,,0.8263840079307556,,73988
73989,,,-130.79067310814298,129.47461953735103,,-83.91657493217063,,159.0,-32.917937885665296,33.44488576260753,0.9869388965074338,,,,,0.014240028336644173,,0.042360637336969376,,0.8512939810752869,73989
74000,,,,,,,,,,,,45.80258560180664,52.371925354003906,2.0589938163757324,,,,,,,73989
74021,-120.61261019857861,37.797243255877945,,,-107.92029622972514,,195.0,,,,,,,,0.020243924111127853,,0.07787725329399109,,0.8935327529907227,,74021
74056,-121.11366434315941,37.81042402303626,,,-134.38396131195407,,208.0,,,,,,,,0.0232884269207716,,0.07872661203145981,,0.8784809112548828,,74056
74091,-120.86492568585204,37.775323949290325,,,-120.10386639084162,,205.0,,,,,,,,0.028270458802580833,,0.09236670285463333,,0.8007990717887878,,74091
74092,,,-131.29035856245312,129.36899411080188,,-116.17497461280115,,202.0,-22.104941534523917,26.521901984025938,0.9534164190361621,,,,,0.02824060246348381,,0.09733656048774719,,0.8345912098884583,74092
74121,-120.7861428831498,37.81865525207517,,,-98.06725469447926,,179.0,,,,,,,,0.018660476431250572,,0.06468665599822998,,0.8616445064544678,,74121
74155,-120.90435467201223,37.80761538899446,,,-120.26915428146597,,201.0,,,,,,,,0.030505331233143806,,0.1001315712928772,,0.8449718356132507,,74155
74191,-120.88723891797463,37.80640655846462,,,-123.13809024673093,,214.0,,,,,,,,0.02557712234556675,,0.07673849910497665,,0.8614445328712463,,74191
74192,,,-132.78336845391405,129.39728116798995,,-171.8134463381006,,297.0,-34.38210367594504,35.072573026021324,0.7141376458761677,,,,,0.03392564877867699,,0.1163235753774643,,0.8442574739456177,74192
74225,-121.19035806527349,37.82205986788518,,,-130.5695336999085,,204.0,,,,,,,,0.029846441000699997,,0.09553033858537674,,0.8259915113449097,,74225
74256,-120.93127153337599,37.964931459139926,,,-93.68752855794088,,185.0,,,,,,,,0.015017078258097172,,0.04443534463644028,,0.7984122633934021,,74256
74291,-120.67291147445087,37.97190970271531,,,-113.31757204596708,,208.0,,,,,,,,0.018198229372501373,,0.0540928915143013,,0.8517889380455017,,74291
74292,,,-147.62209010007084,162.0370731722558,,-831.6955749051178,,480.0,115.7589987029632,116.16990139683088,0.13815517236241218,,,,,0.025710036978125572,,0.09024874120950699,,0.9138160943984985,74292
74326,-120.37412125378097,37.79549702872656,,,-135.42117768035675,,206.0,,,,,,,,0.03278027102351189,,0.09693638980388641,,0.8337811827659607,,74326
74357,-120.2863310733896,37.84132467447954,,,-98.39375649019804,,181.0,,,,,,,,0.01961950957775116,,0.06428247690200806,,0.7455700635910034,,74357
74394,-120.35165669194677,37.835431994767674,,,-118.53893368708958,,219.0,,,,,,,,0.02246245928108692,,0.07074626535177231,,0.8112156987190247,,74394
74395,,,-147.3423244298734,162.18234669014407,,-56.3095891839887,,203.0,44.26912873689764,46.0682899056397,0.48638476795013413,,,,,0.0031793825328350067,,0.014463896863162518,,0.8705338835716248,74395
74427,-120.84428488134039,37.82117792728114,,,-131.8191234365138,,198.0,,,,,,,,0.03423844650387764,,0.11511381715536118,,0.8324452638626099,,74427
74465,-121.01615471124404,37.843001529890444,,,-130.03078999974753,,223.0,,,,,,,,0.02515183761715889,,0.07762624323368073,,0.8371292948722839,,74465
74498,-117.40528044872391,28.131085243547968,,,-117.66180748761465,,195.0,,,,,,,,0.022888842970132828,,0.06936413794755936,,0.8486953973770142,,74498
74499,,,-146.3228042406132,162.51599059872734,,-68.21485040094426,,182.0,-32.15526585821267,34.03721411378829,0.9387089296174174,,,,,0.009243722073733807,,0.03531121462583542,,0.8283652067184448,74499
74500,,,,,,,,,,,,36.98804473876953,40.40310287475586,2.056509256362915,,,,,,,74499
74527,-116.97670735898579,28.21637543172895,,,-100.86982194757677,,172.0,,,,,,,,0.01908370852470398,,0.05703653395175934,,0.836089015007019,,74527
74561,-115.22342395521505,25.93355578025746,,,-107.5202754373227,,204.0,,,,,,,,0.01801619492471218,,0.05407269671559334,,0.8304885625839233,,74561
74597,-115.1639837872812,25.914529825820086,,,-122.00561797205206,,214.0,,,,,,,,0.026735268533229828,,0.08438921719789505,,0.7980579733848572,,74597
74598,,,-134.78482641277486,143.92059468423605,,-99.04147208697346,,145.0,-29.061237064312245,29.179063870577977,0.9560788841931869,,,,,0.03466462343931198,,0.11602552980184555,,0.8114627599716187,74598
74631,-114.71099474204863,25.694231730830555,,,-116.16197594082065,,200.0,,,,,,,,0.025313764810562134,,0.08657878637313843,,0.8589972257614136,,74631
74661,-114.45429171030108,25.62965568902609,,,-114.62056871159069,,178.0,,,,,,,,0.030074145644903183,,0.08393282443284988,,0.8051817417144775,,74661
74701,-114.75592759116425,25.624903286197053,,,-121.74223787932578,,240.0,,,,,,,,0.02202976495027542,,0.06752397865056992,,0.8140343427658081,,74701
74702,,,-134.82801959869576,143.914822007933,,-116.65196078926886,,240.0,-69.34384738504886,69.35666181941828,0.916517395359945,,,,,0.024762216955423355,,0.08431371301412582,,0.802567183971405,74702
74730,-114.84062067915802,25.625799669159374,,,-117.18681742845683,,170.0,,,,,,,,0.027307698503136635,,0.08863342553377151,,0.7985071539878845,,74730
74754,-110.3269359570003,40.584531595607004,,,109.9716512670105,,141.0,,,,,,,,0.04908174276351929,,0.13673143088817596,,0.8020386099815369,,74754
74785,-110.45160217467479,40.60490256923828,,,-120.13926854172105,,183.0,,,,,,,,0.03346977382898331,,0.10834486782550812,,0.7883887887001038,,74785
74786,,,-135.21076486789283,143.84081816152482,,-116.76922917725808,,228.0,11.523800549277087,23.98326758386796,0.7566693910027726,,,,,0.02301928773522377,,0.07838547229766846,,0.8385395407676697,74786
74816,-110.68817506316073,40.57906148817777,,,-112.05031012197186,,183.0,,,,,,,,0.022473981603980064,,0.0751396045088768,,0.8699719905853271,,74816
74852,-110.45166510879645,40.58289631432888,,,-103.99918201222756,,214.0,,,,,,,,0.019175054505467415,,0.06546877324581146,,0.8163252472877502,,74852
74883,-110.16150569068517,40.462435183591985,,,-119.87578689834892,,186.0,,,,,,,,0.02351774461567402,,0.07463372498750687,,0.8430164456367493,,74883
74884,,,-136.74041419286638,144.12978977180808,,-201.41760943968387,,476.0,-76.17073774638297,76.95348906416852,0.7316174007621326,,,,,0.02871635928750038,,0.08833068609237671,,0.8404802083969116,74884
74918,-109.63441894539054,40.411343587037805,,,-100.64042410101446,,206.0,,,,,,,,0.01645331084728241,,0.06242969259619713,,0.793511152267456,,74918
74951,-109.32163607602071,40.21820087814457,,,-126.55273573848005,,196.0,,,,,,,,0.027302907779812813,,0.09457527101039886,,0.8431268334388733,,74951
75000,,,,,,,,,,,,46.86110305786133,47.45464324951172,2.040940761566162,,,,,,,74951
75008,-108.94406778704258,40.106827610329695,,,-111.54058891721846,,338.0,,,,,,,,0.04034676402807236,,0.11830441653728485,,0.9060731530189514,,75008
75009,,,-136.72108054863173,144.13503536489387,,-97.1414840896344,,176.0,-26.483327648856424,27.438068341125142,0.8992033398621919,,,,,0.023271948099136353,,0.0767955332994461,,0.8651741743087769,75009
75039,-111.95871646682616,33.949852635009684,,,-110.19268969333905,,181.0,,,,,,,,0.03050432726740837,,0.10072026401758194,,0.7854517102241516,,75039
75065,-112.22865015388317,33.83005830020713,,,-103.80194391714332,,155.0,,,,,,,,0.03172694146633148,,0.09526973217725754,,0.791784405708313,,75065
75102,-111.97152388000929,33.71584933320276,,,-120.67301936250117,,220.0,,,,,,,,0.02575821988284588,,0.0850910022854805,,0.8156198859214783,,75102
75103,,,-136.99157055897504,144.0497532887165,,-98.18806792057896,,192.0,26.268440755084157,26.81256869621575,0.8305139748332703,,,,,0.016086790710687637,,0.06861689686775208,,0.9066573977470398,75103
75133,-112.00468257067912,33.70911303553957,,,-105.96826845451841,,182.0,,,,,,,,0.02140018716454506,,0.06058913841843605,,0.8165149688720703,,75133
75161,-111.40225031777013,33.878170052848596,,,-87.1593493991986,,167.0,,,,,,,,0.015313742682337761,,0.04312337562441826,,0.7737132906913757,,75161
75241,-114.81400220197418,42.841827789660236,,,-299.18472140680876,,480.0,,,,,,,,0.07084686309099197,,0.18262864649295807,,0.7543623447418213,,75241
75242,,,-137.2385800326396,143.9866540075521,,-106.50044740078214,,195.0,-33.857644415207396,33.857644415207396,0.8986694715565346,,,,,0.02875511907041073,,0.09234853833913803,,0.8477619886398315,75242
75274,-114.62663854068298,42.93323909733623,,,-89.11218472050791,,188.0,,,,,,,,0.020886555314064026,,0.072463259100914,,0.7975520491600037,,75274
75313,-111.65756318091388,47.025299866188305,,,23.07644105896541,,238.0,,,,,,,,0.07276797294616699,,0.20102201402187347,,0.7347795963287354,,75313
75351,-111.60065087400584,47.00636997183156,,,-125.84447739503602,,225.0,,,,,,,,0.02370510809123516,,0.08404246717691422,,0.8402889370918274,,75351
75352,,,-137.15941620201704,144.0269744971759,,-61.8729557202391,,198.0,-15.498018486331208,25.848999187199755,0.8427480863904312,,,,,0.003418957581743598,,0.011883133091032505,,0.8944447040557861,75352
75385,-111.49871102161619,46.9873476950714,,,-117.77093694427033,,202.0,,,,,,,,0.0247498769313097,,0.08289646357297897,,0.7807357311248779,,75385
75417,-111.24424381582914,46.917030893524185,,,-117.98407333686261,,189.0,,,,,,,,0.021856561303138733,,0.06353021413087845,,0.8449627757072449,,75417
75449,-111.62237206051914,46.87157399088214,,,-115.24908873606071,,188.0,,,,,,,,0.026803167536854744,,0.08139776438474655,,0.8101675510406494,,75449
75450,,,-136.79185594066232,144.12287823046765,,-90.19463506805661,,171.0,-7.591953686803405,16.99068450160891,0.9274036528278985,,,,,0.014110063202679157,,0.0512998066842556,,0.8403361439704895,75450
75483,-111.79536233142179,46.901753620888044,,,-124.21340285719596,,201.0,,,,,,,,0.026512647047638893,,0.07534531503915787,,0.8655037879943848,,75483
75500,,,,,,,,,,,,50.33290100097656,44.69685363769531,2.0519866943359375,,,,,,,75483
75513,-111.25986624268498,46.71396516750981,,,-114.55485207528078,,178.0,,,,,,,,0.02542998641729355,,0.07711565494537354,,0.875351071357727,,75513
75548,-111.08338638416382,46.65451922199612,,,-122.48487431235715,,208.0,,,,,,,,0.024606211110949516,,0.07969114184379578,,0.846526026725769,,75548
75549,,,-136.3629265556841,144.319869383485,,-59.61869756924861,,213.0,8.841451829587909,10.873746376082371,0.859160940005458,,,,,0.0020218368154019117,,0.009271204471588135,,0.9215878844261169,75549
75578,-111.51631460952031,46.61930965439491,,,-118.33012812225749,,175.0,,,,,,,,0.02992670238018036,,0.10633234679698944,,0.8436962366104126,,75578
75604,-111.26055146188435,46.63265861765981,,,-102.56081943105882,,154.0,,,,,,,,0.02358957752585411,,0.07493897527456284,,0.8367090225219727,,75604
75639,-111.47796845286506,46.67181840307187,,,-125.20739346600384,,208.0,,,,,,,,0.024401230737566948,,0.07621952891349792,,0.8478285074234009,,75639
75640,,,-138.80511567376448,145.47656834756,,-267.2671850945732,,480.0,-53.99160928676526,54.21171911507845,-0.5039840584272323,,,,,0.03425244241952896,,0.10950443893671036,,0.8660369515419006,75640
75676,-111.39174213974152,46.663346382298315,,,-113.86444196214934,,219.0,,,,,,,,0.02460414357483387,,0.07385693490505219,,0.7765193581581116,,75676
75709,-111.48860474099105,46.68665455882634,,,-125.09320589431645,,194.0,,,,,,,,0.035746440291404724,,0.1109178364276886,,0.79875648021698,,75709
75743,-111.7262656544613,46.698129210433066,,,-119.80334190323727,,202.0,,,,,,,,0.017457690089941025,,0.052827220410108566,,0.8749524354934692,,75743
75744,,,-137.78996826506165,145.42697408596882,,-120.02479341560918,,230.0,-15.091335415840149,16.166101212086886,0.9289210826624843,,,,,0.02002974972128868,,0.07035885751247406,,0.8403953909873962,75744
75780,-111.39648531548424,46.59506567408596,,,-117.8949443631022,,219.0,,,,,,,,0.017997000366449356,,0.05908353254199028,,0.8253308534622192,,75780
75816,-111.31199686227444,46.583028835540695,,,-115.87944373035145,,212.0,,,,,,,,0.022287718951702118,,0.06564632803201675,,0.8140641450881958,,75816
75852,-111.93011046886866,46.60822053989523,,,-128.97293502418927,,215.0,,,,,,,,0.02251538634300232,,0.06802867352962494,,0.8890750408172607,,75852
75853,,,-137.9868568763459,145.34960742498274,,-85.68082979668246,,160.0,-24.684232775121927,24.684232775121927,0.9797507651425401,,,,,0.016551751643419266,,0.053275153040885925,,0.8765122294425964,75853
75883,-111.92215789316099,46.60683090567918,,,-119.87152549608285,,186.0,,,,,,,,0.03859764710068703,,0.12568068504333496,,0.7848077416419983,,75883
75918,-112.04269438912468,46.64346115734127,,,-129.16491504491637,,210.0,,,,,,,,0.022593609988689423,,0.07499270886182785,,0.8844704627990723,,75918
75954,-111.68760798761795,46.568588582931085,,,-112.81521362457042,,215.0,,,,,,,,0.018753502517938614,,0.056800615042448044,,0.8755235075950623,,75954
75955,,,-138.78621497456493,145.04843166805995,,-103.66356201863756,,225.0,-3.280172104570601,22.607592584557004,0.953227747188067,,,,,0.01698276959359646,,0.05647344887256622,,0.8350443840026855,75955
75991,-112.36450178253413,46.54799924517285,,,-127.53221830375074,,218.0,,,,,,,,0.034424614161252975,,0.10944429039955139,,0.8017345666885376,,75991
76000,,,,,,,,,,,,42.86813735961914,39.72103500366211,2.0575506687164307,,,,,,,75991
76027,-112.29293896165237,46.549229484115074,,,-109.73943100187894,,212.0,,,,,,,,0.018646977841854095,,0.08117371052503586,,0.8185874223709106,,76027
76107,-112.92516281602592,47.07080684585658,,,-167.03237039903473,,480.0,,,,,,,,0.039087697863578796,,0.1136113852262497,,0.800237774848938,,76107
76108,,,-144.34537325222465,148.34304957635152,,-367.48352667245683,,480.0,-116.49420684116582,116.49420684116582,0.06543994897790574,,,,,0.04306470602750778,,0.12911906838417053,,0.8874642252922058,76108
76137,-113.39194038931215,47.040101740969405,,,-121.73263515450971,,178.0,,,,,,,,0.026911228895187378,,0.09470922499895096,,0.8368855714797974,,76137
76166,-113.13336569305031,47.04663208081193,,,-105.61019887399668,,172.0,,,,,,,,0.030182799324393272,,0.11873584240674973,,0.7998168468475342,,76166
76204,-112.88111040059079,46.97953204827172,,,-119.2063588135376,,223.0,,,,,,,,0.02429826185107231,,0.07984860241413116,,0.7963955998420715,,76204
76205,,,-144.72059491270915,148.23055629955553,,-109.45642163488552,,243.0,7.131221888977804,21.561055995799876,0.650486823567922,,,,,0.021347912028431892,,0.0803212821483612,,0.8265353441238403,76205
76247,-113.04316736747191,47.052329827092045,,,-138.1336383438037,,254.0,,,,,,,,0.02495158649981022,,0.08500118553638458,,0.8052021861076355,,76247
76327,-115.82819314984128,51.18310138708157,,,-256.91309660608414,,480.0,,,,,,,,0.042269568890333176,,0.12301459163427353,,0.7917696237564087,,76327
76361,-115.52919602369225,51.31311189543849,,,-85.91996564012423,,201.0,,,,,,,,0.011630562134087086,,0.046350933611392975,,0.8091737031936646,,76361
76362,,,-144.65058378099025,148.25471492630464,,-91.78146717003291,,195.0,37.50300992757846,45.59093938424037,0.5446924103655459,,,,,0.011641760356724262,,0.056091681122779846,,0.9575388431549072,76362
76393,-115.6993583834249,51.30037646008881,,,-116.02839342395514,,191.0,,,,,,,,0.030006898567080498,,0.09098010510206223,,0.7995129823684692,,76393
76425,-115.64157094114167,51.29486728473551,,,-119.11624585789085,,192.0,,,,,,,,0.023896630853414536,,0.07482832670211792,,0.8348241448402405,,76425
76454,-115.65184249837347,51.295021885535974,,,-116.67555380241039,,173.0,,,,,,,,0.02411620318889618,,0.08090951293706894,,0.8449624180793762,,76454
76455,,,-145.75298539103787,148.09564284912025,,-151.3807480336094,,246.0,70.22873860912594,70.22873860912594,0.5516841735647829,,,,,0.03574015945196152,,0.11399205029010773,,0.8550599217414856,76455
76480,-111.14577434524452,60.29428754040206,,,110.68283894485744,,155.0,,,,,,,,0.055495381355285645,,0.1588457077741623,,0.8043283820152283,,76480
76500,,,,,,,,,,,,50.3517951965332,53.80564498901367,2.035560131072998,,,,,,,76480
76512,-111.16379233001979,60.29758595153651,,,-122.64313711809062,,190.0,,,,,,,,0.023617547005414963,,0.07568228989839554,,0.8991003632545471,,76512
76545,-111.46757025382296,60.36538715211132,,,-132.37571361861495,,198.0,,,,,,,,0.02789882943034172,,0.09973087906837463,,0.8701297044754028,,76545
76546,,,-145.37001418493867,148.19610547941105,,-97.12496589883297,,198.0,-20.333459833053627,20.333459833053627,0.9374380970859881,,,,,0.019517244771122932,,0.06289561092853546,,0.8284920454025269,76546
76576,-115.72204969735463,51.446009617427535,,,-102.75232090957361,,185.0,,,,,,,,0.01949341967701912,,0.06028737872838974,,0.8302021622657776,,76576
76608,-115.63765033424535,51.44215512606619,,,-115.91930038625694,,190.0,,,,,,,,0.02897021546959877,,0.09991461038589478,,0.8240618705749512,,76608
76636,-115.70638978708224,51.43961188533633,,,-115.48728276381686,,168.0,,,,,,,,0.0319228433072567,,0.1153341755270958,,0.8042845129966736,,76636
76637,,,-145.96682176962062,147.95686431444486,,-101.22945791174217,,189.0,-27.15855611663647,28.358713955160173,0.8759247379048302,,,,,0.02412169612944126,,0.08133480697870255,,0.8141469955444336,76637
76672,-115.8035410002866,51.42199346184506,,,-108.85674267244491,,213.0,,,,,,,,0.02015971764922142,,0.0672655701637268,,0.8415982723236084,,76672
76704,-116.05694122488075,51.47262961669796,,,-132.54579812805483,,190.0,,,,,,,,0.030308792367577553,,0.09309926629066467,,0.8420889973640442,,76704
76735,-116.18879446904845,51.44140397273926,,,-107.23308630940024,,181.0,,,,,,,,0.022561952471733093,,0.07481713593006134,,0.8236905932426453,,76735
76736,,,-145.81967412523198,148.02905422745835,,-69.60993648672132,,265.0,52.10845231829949,52.124026748369324,0.10117566379794203,,,,,0.005891568958759308,,0.04140732064843178,,0.9002420902252197,76736
76765,-115.90374076873903,51.42267017629692,,,-112.30005072300956,,180.0,,,,,,,,0.030720705166459084,,0.09182468056678772,,0.8046313524246216,,76765
76799,-116.09049041565162,51.42344086139413,,,-120.87807126284716,,200.0,,,,,,,,0.025958305224776268,,0.09465981274843216,,0.8657259345054626,,76799
76830,-116.1108661808109,51.42130170502139,,,-111.21147795130433,,186.0,,,,,,,,0.017018001526594162,,0.05758590251207352,,0.8400214314460754,,76830
76831,,,-136.54297477224875,136.74562806769404,,-82.45227638037345,,163.0,33.600393973610885,35.68778578598806,0.6840070458048644,,,,,0.01607154868543148,,0.05746488273143768,,0.845817506313324,76831
76862,-115.91899662260546,51.48473139128919,,,-94.20846600687045,,189.0,,,,,,,,0.013561778701841831,,0.044439055025577545,,0.8720182776451111,,76862
76892,-115.64809753168646,51.49463831421561,,,-107.12806481655149,,180.0,,,,,,,,0.0266026072204113,,0.08487249165773392,,0.8144782781600952,,76892
76923,-115.51036234066143,51.529543559839894,,,-99.08150890326652,,181.0,,,,,,,,0.023311050608754158,,0.08710144460201263,,0.8089991807937622,,76923
76924,,,-129.43593588057433,127.20936104552653,,-132.40166957632698,,269.0,-0.07738751549703038,25.704709375658,0.49482510931369184,,,,,0.02202189527451992,,0.07982062548398972,,0.8697062730789185,76924
76957,-115.884628135182,51.39003697293762,,,-105.87263912522712,,199.0,,,,,,,,0.015402617864310741,,0.0488152913749218,,0.8513551950454712,,76957
76991,-112.37699323377247,44.248253280499796,,,-123.80297633633138,,199.0,,,,,,,,0.03167245164513588,,0.10015564411878586,,0.8445185422897339,,76991
77000,,,,,,,,,,,,58.97770690917969,61.398826599121094,2.0314574241638184,,,,,,,76991
77020,-108.86562219870841,52.205816425215396,,,86.45636703269444,,170.0,,,,,,,,0.09080077707767487,,0.2316190004348755,,0.6898785829544067,,77020
77021,,,-135.80683845137594,133.41057755002547,,-418.73317450208714,,480.0,-4.336011983950933,40.62308299740155,-0.21611863881639704,,,,,0.028471965342760086,,0.09121980518102646,,0.9485063552856445,77021
77057,-111.76046775287577,48.70492671698256,,,-121.66583664940268,,220.0,,,,,,,,0.02680817060172558,,0.08243052661418915,,0.7976208925247192,,77057
77091,-112.2806411515776,48.990617251710546,,,-151.85314733012717,,202.0,,,,,,,,0.03786565363407135,,0.11996325850486755,,0.8474384546279907,,77091
77122,-112.10847232504987,48.98614626884148,,,-109.16249561788472,,182.0,,,,,,,,0.026292461901903152,,0.08801375329494476,,0.7886297106742859,,77122
77123,,,-135.82057648815,133.40673041799784,,-98.79805723457079,,194.0,24.31702134904173,27.410184180613644,0.8870368142105758,,,,,0.020307466387748718,,0.07839038968086243,,0.8903303742408752,77123
77153,-111.9896117514145,48.978955027860486,,,-112.041044655094,,183.0,,,,,,,,0.025486506521701813,,0.08274070173501968,,0.8056296706199646,,77153
77189,-111.96999418067219,48.9778420021292,,,-114.26821019894521,,211.0,,,,,,,,0.022656898945569992,,0.07490909099578857,,0.8421397805213928,,77189
77227,-108.94619751081173,52.65747638417741,,,26.976430635826283,,224.0,,,,,,,,0.03827836737036705,,0.11357322335243225,,0.8088353872299194,,77227
77228,,,-126.93286472402274,121.2777258129431,,-82.96706801572233,,204.0,42.64461057297155,50.268796303400805,0.5058521249107842,,,,,0.013014847412705421,,0.061267007142305374,,0.9232957363128662,77228
77259,-108.82532855292102,52.651399322615795,,,-108.5114041807449,,192.0,,,,,,,,0.02215849794447422,,0.0762888640165329,,0.8391776084899902,,77259
77294,-108.59804834095875,52.61646054383792,,,-111.12086371424478,,205.0,,,,,,,,0.020087143406271935,,0.07124313712120056,,0.8626278638839722,,77294
77323,-108.48674064292604,52.601639614603485,,,-112.76474322062019,,169.0,,,,,,,,0.02829754911363125,,0.08388005942106247,,0.7998121976852417,,77323
77324,,,-126.4213251143212,121.39612263202399,,-85.80494196010451,,170.0,-37.24481333704556,37.24481333704556,0.9767924955068156,,,,,0.017437534406781197,,0.05586880445480347,,0.828567385673523,77324
77358,-108.48686632481348,52.601625463066235,,,-102.5671035254312,,207.0,,,,,,,,0.014487513341009617,,0.04298705607652664,,0.8588566780090332,,77358
77393,-108.18952807916804,52.54826151765341,,,-110.3404811837338,,207.0,,,,,,,,0.014195349998772144,,0.04863811284303665,,0.8718798160552979,,77393
77429,-107.84614568488462,52.56614993949244,,,-96.69532224797716,,214.0,,,,,,,,0.014074896462261677,,0.04822235926985741,,0.832068681716919,,77429
77430,,,-126.19042292277584,121.48511270332601,,-73.72991232903146,,158.0,-1.2539128193372413,8.069674863845487,0.9428411001065888,,,,,0.014899121597409248,,0.05371057614684105,,0.8182874321937561,77430
77465,-107.42738208162393,52.510456312230495,,,-104.15502573128173,,212.0,,,,,,,,0.01738971471786499,,0.0581485852599144,,0.8291136026382446,,77465
77495,-107.15745165146097,52.48082492893268,,,-106.30682039508878,,176.0,,,,,,,,0.020022958517074585,,0.05701758340001106,,0.833050549030304,,77495
77500,,,,,,,,,,,,48.20525360107422,45.82890319824219,2.039268970489502,,,,,,,77495
77525,-107.10390982092936,52.47120777001704,,,-115.21785283652177,,180.0,,,,,,,,0.024150004610419273,,0.08650865405797958,,0.831092119216919,,77525
77526,,,-125.717912767922,121.69440427803676,,-60.284979859714205,,222.0,-15.012701691539437,19.952426304956813,0.7176320629405569,,,,,0.004283333662897348,,0.014965865761041641,,0.8290238976478577,77526
77559,-107.24516652218861,52.504138599874636,,,-122.9422787933137,,203.0,,,,,,,,0.025766616687178612,,0.09084667265415192,,0.8546920418739319,,77559
77593,-107.02669012714803,52.43595546826591,,,-118.04911527216068,,202.0,,,,,,,,0.020587893202900887,,0.06027166545391083,,0.8257747888565063,,77593
77631,-106.90628541143404,52.413229588060375,,,-113.8512897103828,,224.0,,,,,,,,0.01673685386776924,,0.05906255543231964,,0.8637157082557678,,77631
77632,,,-125.02011561421625,121.94685632596946,,-63.85129508714255,,191.0,-45.44110696696486,45.82591535564492,0.9436383947312676,,,,,0.00529597420245409,,0.0169056486338377,,0.8931016325950623,77632
77659,-106.46993468576275,52.316834702594434,,,-107.34737876135225,,167.0,,,,,,,,0.025534089654684067,,0.08388010412454605,,0.8336808681488037,,77659
77694,-106.25372258529978,52.31250306638718,,,-102.0046086014226,,210.0,,,,,,,,0.014720101840794086,,0.04687089845538139,,0.8205550312995911,,77694
77727,-105.81705336479054,52.22411290957143,,,-105.69875727828799,,196.0,,,,,,,,0.018947744742035866,,0.06090831756591797,,0.8333781957626343,,77727
77728,,,-124.91982363153409,121.97268769601897,,-91.05050810908875,,288.0,45.20714173155526,60.85777967609465,0.37115806879648056,,,,,0.01375096570700407,,0.058252133429050446,,0.8639265894889832,77728
77758,-105.75587509968284,52.22127379621982,,,-106.68051774649264,,182.0,,,,,,,,0.024364078417420387,,0.08195169270038605,,0.804589033126831,,77758
77789,-104.70972890368675,51.50223066318034,,,-114.7250605992321,,181.0,,,,,,,,0.022764919325709343,,0.08041203022003174,,0.8634873032569885,,77789
77828,-104.78505809390661,51.529821042068626,,,-125.4990946655027,,232.0,,,,,,,,0.025484975427389145,,0.08309700340032578,,0.8327577114105225,,77828
77829,,,-125.55023033865129,121.76282808828249,,-100.42595645817399,,178.0,-11.400438098090419,20.02090226565854,0.9450778272778518,,,,,0.020586615428328514,,0.0723869726061821,,0.8544774651527405,77829
77862,-105.03979745632161,51.564741474145706,,,-118.34716699474629,,200.0,,,,,,,,0.026714535430073738,,0.08626005798578262,,0.8049629330635071,,77862
77923,-105.00063583349046,51.55471016534324,,,-117.24827767197968,,364.0,,,,,,,,0.06055903434753418,,0.16758905351161957,,0.7942644953727722,,77923
77958,-105.16726694430426,51.67485509109616,,,-146.46519388449468,,207.0,,,,,,,,0.021566225215792656,,0.06439422070980072,,0.9358199238777161,,77958
77959,,,-127.24943138623607,121.53200070122617,,-152.35470551286735,,335.0,-57.670872550580036,58.820605125356074,0.7615021552974367,,,,,0.022932440042495728,,0.08054621517658234,,0.8824096322059631,77959
77997,-102.89959691930034,47.26569315869399,,,-143.52959535588735,,233.0,,,,,,,,0.027756374329328537,,0.09363207966089249,,0.8566941022872925,,77997
78000,,,,,,,,,,,,49.17361068725586,51.84297561645508,2.039302349090576,,,,,,,77997
78035,-104.03955202187784,47.52903427692783,,,-142.9177207689996,,226.0,,,,,,,,0.03238271549344063,,0.10580477118492126,,0.8242881298065186,,78035
78068,-103.94589616962173,47.50992789400612,,,-111.34560081114995,,195.0,,,,,,,,0.022815221920609474,,0.06516873091459274,,0.7682512402534485,,78068
78069,,,-126.94187211309495,121.62497884465894,,-82.65231637815975,,223.0,-57.334893045136745,57.334893045136745,0.9330134496593491,,,,,0.009936603717505932,,0.0322912372648716,,0.9132474660873413,78069
78102,-103.74867059436389,47.46699153153327,,,-109.25496709499866,,199.0,,,,,,,,0.019487014040350914,,0.0564173124730587,,0.8352807760238647,,78102
78132,-103.58314814389327,47.43604528923595,,,-108.39943127887865,,179.0,,,,,,,,0.02233557030558586,,0.06994196027517319,,0.8395939469337463,,78132
78165,-108.15695044036686,36.265983648470836,,,-118.0072758788221,,195.0,,,,,,,,0.02602538838982582,,0.08398226648569107,,0.8551181554794312,,78165
78166,,,-126.60241007830706,121.74873274231356,,-73.92356692290156,,162.0,12.757363614476757,15.034220684457708,0.9060039410264762,,,,,0.013479134999215603,,0.04169344902038574,,0.8055492639541626,78166
78197,-107.58295697549329,36.259282582690616,,,-93.9434638744125,,191.0,,,,,,,,0.013822526670992374,,0.047477103769779205,,0.8653272390365601,,78197
78230,-106.89684655380606,36.1079086075011,,,-98.07019253425364,,196.0,,,,,,,,0.014636725187301636,,0.048330411314964294,,0.8099746704101562,,78230
78265,-107.49009369923277,36.278213497838685,,,-132.41467818090896,,208.0,,,,,,,,0.026930592954158783,,0.09347765147686005,,0.8575745820999146,,78265
78266,,,-128.62449661865858,121.61815090806326,,-170.30757185556533,,327.0,-80.39280959061526,80.42204038247421,0.8907128237591685,,,,,0.029284605756402016,,0.09963922947645187,,0.8549594879150391,78266
78298,-107.39115184724527,36.261831958239874,,,-110.97220778688279,,193.0,,,,,,,,0.018926432356238365,,0.0632595494389534,,0.8895401358604431,,78298
78334,-107.27114887329051,36.24476475805487,,,-109.48713406607753,,212.0,,,,,,,,0.025893645361065865,,0.08424698561429977,,0.8273542523384094,,78334
78372,-107.67675906928235,36.37348897636228,,,-129.13725247203718,,223.0,,,,,,,,0.025233788415789604,,0.09533903002738953,,0.8245922923088074,,78372
78373,,,-129.2163112381433,121.5111962124548,,-121.74619950408895,,176.0,-47.14076563614336,47.14076563614336,0.9633071192059429,,,,,0.0382445827126503,,0.10820575058460236,,0.8324666619300842,78373
78409,-107.60132365357892,36.32571433997734,,,-128.77402734288248,,214.0,,,,,,,,0.027834292501211166,,0.08329109847545624,,0.8222708106040955,,78409
78439,-107.51718677582635,36.331341272875655,,,-103.02624242177136,,186.0,,,,,,,,0.019247371703386307,,0.06380615383386612,,0.8366892337799072,,78439
78468,-106.83404867183921,36.55542163969636,,,-78.14314552365298,,170.0,,,,,,,,0.008794724941253662,,0.02699829265475273,,0.8455591201782227,,78468
78469,,,-129.36252940170914,121.46860865564408,,-97.55968015095984,,160.0,-4.639540446177125,23.13609565459192,0.8955966879616242,,,,,0.021489260718226433,,0.07773302495479584,,0.8898608684539795,78469
78500,,,,,,,,,,,,43.9492301940918,41.46940612792969,2.0378072261810303,,,,,,,78469
78505,-106.39711148883835,36.51548891786467,,,-99.03121211280403,,217.0,,,,,,,,0.012042652815580368,,0.036085695028305054,,0.849787175655365,,78505
78537,-106.28555687131504,36.50913007035186,,,-105.63374707513964,,192.0,,,,,,,,0.02145983651280403,,0.07246074825525284,,0.8157110810279846,,78537
78569,-106.92162209040212,36.57016971227093,,,-126.01172696122464,,191.0,,,,,,,,0.025896817445755005,,0.07898826897144318,,0.8476212620735168,,78569
78570,,,-129.9017342069115,121.27414509225076,,-99.33981108602703,,222.0,-30.353449205557506,30.353449205557506,0.8473834898334642,,,,,0.01677856221795082,,0.058940038084983826,,0.8705655336380005,78570
78604,-107.01740094861077,36.5768555834943,,,-111.91700772698452,,210.0,,,,,,,,0.01585901901125908,,0.0558563657104969,,0.859200656414032,,78604
78637,-107.409182000205,36.594661186313736,,,-118.67056148297742,,198.0,,,,,,,,0.025462277233600616,,0.08564717322587967,,0.8295436501502991,,78637
78670,-107.35987174068731,36.59835932907293,,,-103.40712614934284,,193.0,,,,,,,,0.020308589562773705,,0.07434572279453278,,0.8250442147254944,,78670
78671,,,-129.71236678552035,121.3354660602956,,-85.79193663816805,,150.0,-22.539929873545965,25.1635491557916,0.9856010853951359,,,,,0.021581554785370827,,0.06997594982385635,,0.7755487561225891,78671
78704,-107.5156596208695,36.684498111791704,,,-131.59237034544094,,200.0,,,,,,,,0.03295310586690903,,0.11428870260715485,,0.8168219327926636,,78704
78734,-111.18616486805884,24.12383775743227,,,-97.06889532677233,,180.0,,,,,,,,0.018163038417696953,,0.05998774990439415,,0.8473969101905823,,78734
78768,-111.2247374313086,24.142098252664518,,,-123.59446481189048,,202.0,,,,,,,,0.02693057805299759,,0.08094140887260437,,0.8344688415527344,,78768
78769,,,-129.84996711289617,121.29567034790074,,-98.13521601313931,,188.0,-33.22532338950228,34.26878606860942,0.8929373056263114,,,,,0.028226494789123535,,0.07922385632991791,,0.7618516087532043,78769
78798,-110.5980274144707,23.476838627736473,,,-120.51764648823362,,178.0,,,,,,,,0.03277670219540596,,0.1004868820309639,,0.854416012763977,,78798
78829,-110.70765790747258,23.482677003280862,,,-114.64402026797781,,184.0,,,,,,,,0.027463871985673904,,0.08975047618150711,,0.8236454725265503,,78829
78862,-110.96929817726499,23.568796755143484,,,-125.1230581447148,,198.0,,,,,,,,0.026884911581873894,,0.08898283541202545,,0.838839590549469,,78862
78863,,,-128.979256394858,121.47151509045146,,-83.13277021981743,,173.0,-10.318753761363167,19.33223526395125,0.9379007109794896,,,,,0.017172710970044136,,0.06551124900579453,,0.8170002698898315,78863
78898,-111.0638466705759,23.591312516887925,,,-118.99563486449037,,211.0,,,,,,,,0.028494389727711678,,0.08631149679422379,,0.8307740092277527,,78898
78931,-114.18887042712298,13.126866909280496,,,-129.2747571915278,,192.0,,,,,,,,0.031713228672742844,,0.09201450645923615,,0.8332757949829102,,78931
78965,-114.84885502062325,13.644191359979386,,,-141.5106338557579,,210.0,,,,,,,,0.03457803651690483,,0.09587670862674713,,0.7942909598350525,,78965
78966,,,-129.66206565746413,121.28068455616139,,-112.46887769227621,,260.0,-7.699520194530487,10.739826858960665,0.653478908825993,,,,,0.017282452434301376,,0.05600074678659439,,0.8594751954078674,78966
79000,,,,,,,,,,,,45.58938217163086,43.770484924316406,2.03887677192688,,,,,,,78966
79006,-115.22289070507111,13.79240320889442,,,-129.8226479366382,,237.0,,,,,,,,0.02735612541437149,,0.07626879215240479,,0.8236616253852844,,79006
79036,-115.04282555464884,13.881800644413897,,,-103.76148569950611,,181.0,,,,,,,,0.015664953738451004,,0.04805242642760277,,0.8795636892318726,,79036
79101,-114.93277984217347,14.001556393945133,,,-97.06481790166333,,390.0,,,,,,,,0.05073229596018791,,0.1453750729560852,,0.8422614932060242,,79101
79102,,,-133.43125709160046,122.44517316374744,,-263.4258993250858,,480.0,-38.71962516264369,39.94523050741603,0.7957094861448437,,,,,0.04308248683810234,,0.14296254515647888,,0.8482263684272766,79102
79134,-115.06504351019241,13.988780616566684,,,-116.9536645846806,,196.0,,,,,,,,0.021057600155472755,,0.06874851137399673,,0.8281338214874268,,79134
79165,-115.61842502801957,13.797114871577342,,,-124.36439813933521,,183.0,,,,,,,,0.033952273428440094,,0.10539446771144867,,0.8272889852523804,,79165
79200,-116.14462776130483,13.85149129889847,,,-130.46516239554455,,205.0,,,,,,,,0.0260708499699831,,0.08276131004095078,,0.8341558575630188,,79200
79201,,,-133.20734525843196,122.54570970272624,,-72.72098327374566,,234.0,15.827004773239803,26.610257733836132,0.3525091742439658,,,,,0.006018981337547302,,0.028455352410674095,,0.8952964544296265,79201
79232,-116.35010423579826,13.780048757231997,,,-116.58064411976095,,189.0,,,,,,,,0.030277393758296967,,0.10998547822237015,,0.8252353668212891,,79232
79263,-115.95919015782168,14.080584035362898,,,-95.67214893769277,,186.0,,,,,,,,0.018166882917284966,,0.08638254553079605,,0.8500498533248901,,79263
79294,-115.48846491416717,14.23187075102134,,,-99.4060166105883,,185.0,,,,,,,,0.017291633412241936,,0.06332409381866455,,0.852843701839447,,79294
79295,,,-132.6011332073252,122.70333566259679,,-85.86437205746371,,196.0,-35.10830764137969,35.10830764137969,0.9453699760969462,,,,,0.01730283349752426,,0.08895885944366455,,0.8125390410423279,79295
79329,-115.5146484325679,14.237760779015268,,,-119.35829119219562,,208.0,,,,,,,,0.020878950133919716,,0.07654617726802826,,0.8679714202880859,,79329
79351,-110.68062802176252,36.92986820040921,,,127.84973082988563,,129.0,,,,,,,,0.036742210388183594,,0.10358302295207977,,0.8367776274681091,,79351
79379,-110.5231984160284,36.960507159543596,,,-99.47589847464641,,164.0,,,,,,,,0.018602272495627403,,0.05745372921228409,,0.8559993505477905,,79379
79380,,,-131.22279249474872,122.64217896123807,,-102.89641070927647,,198.0,16.90878600213263,19.345124099290732,0.8182124989283718,,,,,0.018144121393561363,,0.06187109649181366,,0.866403341293335,79380
79410,-110.65208998822028,36.941808015502865,,,-108.44918721101668,,186.0,,,,,,,,0.01945560798048973,,0.06439335644245148,,0.8691819310188293,,79410
79440,-110.73967848718857,36.93515107607913,,,-110.07818222670237,,177.0,,,,,,,,0.018410013988614082,,0.05558152496814728,,0.9053431153297424,,79440
79476,-111.0742284815294,36.9726069116595,,,-123.40801746353468,,214.0,,,,,,,,0.027439314872026443,,0.08493334800004959,,0.8319149017333984,,79476
79477,,,-115.99929974359507,71.2025368594964,,-70.52093734743576,,151.0,-30.453988025520022,30.453988025520022,0.9753994771753056,,,,,0.011688419617712498,,0.05281247943639755,,0.8724970817565918,79477
79500,,,,,,,,,,,,41.26377487182617,41.3917350769043,2.036517858505249,,,,,,,79477
79511,-111.51638191228085,37.14541157257395,,,-136.83273213680542,,205.0,,,,,,,,0.034122955054044724,,0.1073027104139328,,0.8088481426239014,,79511
79539,-111.10256917428569,37.102560015747095,,,-104.8084577657437,,168.0,,,,,,,,0.019318057224154472,,0.07524266839027405,,0.8263112306594849,,79539
79571,-111.41220886017156,37.22612455961283,,,-133.82915128904008,,188.0,,,,,,,,0.034060921519994736,,0.1099979355931282,,0.8040843605995178,,79571
79572,,,-123.86863359065006,84.64489990895221,,-449.7762815367372,,480.0,-4.640926993638277,25.918973887711765,0.024183173143578304,,,,,0.04619728773832321,,0.1388213336467743,,0.8314780592918396,79572
79651,-111.05141362163177,37.25522225209673,,,-99.20851574499025,,480.0,,,,,,,,0.03727839142084122,,0.12473512440919876,,0.8749363422393799,,79651
79683,-110.68591852117794,36.994732131186,,,-128.19043886180347,,191.0,,,,,,,,0.03520071133971214,,0.11487802118062973,,0.8166117072105408,,79683
79718,-110.58782623638568,36.913930508349665,,,-138.6249811162746,,208.0,,,,,,,,0.03573618456721306,,0.10906725376844406,,0.8410263061523438,,79718
79719,,,-124.34374862613207,84.397489078745,,-91.97060217504396,,172.0,22.072890252568,27.680148406084193,0.8731637913717847,,,,,0.01597248949110508,,0.05137847736477852,,0.8542117476463318,79719
79748,-110.1235235958863,36.64941779803479,,,-119.70258874402971,,176.0,,,,,,,,0.031121809035539627,,0.10392813384532928,,0.797557532787323,,79748
79779,-110.21915547790017,36.65871917305693,,,-116.12719491184305,,184.0,,,,,,,,0.028891250491142273,,0.09599561989307404,,0.8174616694450378,,79779
79810,-109.96722115357323,36.707732019174394,,,-96.65825087865271,,186.0,,,,,,,,0.01694602519273758,,0.06340434402227402,,0.8338395357131958,,79810
79811,,,-133.55479160188798,103.99104659528862,,-559.5936208747698,,480.0,18.171137841045855,37.016536283989744,-0.03442723772119716,,,,,0.03965161368250847,,0.1270899772644043,,0.8593019247055054,79811
79847,-110.28814150066228,36.76272327017727,,,-124.44544863333077,,220.0,,,,,,,,0.01684955693781376,,0.05005272105336189,,0.8760579228401184,,79847
79874,-109.8726600006781,36.79051679637329,,,-97.23320087961193,,158.0,,,,,,,,0.02483910135924816,,0.08785154670476913,,0.847105860710144,,79874
79906,-110.03430418526449,36.737892095008,,,-102.02567310373212,,187.0,,,,,,,,0.02050839364528656,,0.07245230674743652,,0.839220404624939,,79906
79907,,,-132.93739535381437,104.181029889631,,-85.78214838558748,,175.0,-15.421366626875741,18.372407928875514,0.8766890248591125,,,,,0.013751687481999397,,0.04748022183775902,,0.907681405544281,79907
79935,-110.21432397439936,36.700859812418244,,,-107.07118199099764,,171.0,,,,,,,,0.01700601913034916,,0.05914660915732384,,0.9006853103637695,,79935
79966,-109.1779325977272,36.79086635089974,,,-80.59510934730258,,184.0,,,,,,,,0.009317450225353241,,0.03112173080444336,,0.8405117392539978,,79966
79995,-109.39227074759336,36.831889869791766,,,-121.68911528018893,,173.0,,,,,,,,0.029827140271663666,,0.10065443068742752,,0.866597056388855,,79995
79996,,,-133.41911606979647,104.16084002758868,,-140.8552649763635,,380.0,-83.98151347433266,83.98151347433266,0.8599655162179339,,,,,0.0217392910271883,,0.0831938311457634,,0.8347723484039307,79996
80000,,,,,,,,,,,,44.47651290893555,45.33396911621094,2.038991689682007,,,,,,,79996
80030,-109.85191609879509,36.97333819040873,,,-132.46940162616352,,208.0,,,,,,,,0.03278055787086487,,0.11147534102201462,,0.7902018427848816,,80030
80078,-107.06320829040918,40.50349455869939,,,10.298137947257613,,288.0,,,,,,,,0.04988931119441986,,0.13862177729606628,,0.7893069982528687,,80078
80114,-107.13078928573027,40.542463434573094,,,-132.15307710893765,,215.0,,,,,,,,0.03305034339427948,,0.11393261700868607,,0.8213670253753662,,80114
80115,,,-131.48514796527996,103.77734897087569,,-104.71920421385877,,179.0,23.44381655794282,26.30576027705017,0.907692584920385,,,,,0.01796412467956543,,0.06892489641904831,,0.9342056512832642,80115
80152,-107.56934766781816,40.614227971862896,,,-124.95416152616575,,220.0,,,,,,,,0.026214394718408585,,0.09399882704019547,,0.8313650488853455,,80152
80182,-108.20030569044678,40.39665098004286,,,-109.69104665508247,,184.0,,,,,,,,0.02372312732040882,,0.07326380163431168,,0.8403587341308594,,80182
80212,-108.52028522158025,40.38611796140459,,,-115.0301886694779,,176.0,,,,,,,,0.0290782880038023,,0.10865627974271774,,0.811910092830658,,80212
80213,,,-131.26073427263358,103.8634692760092,,-85.92079945731523,,166.0,52.18674623176276,58.784776069313644,0.7349111410517157,,,,,0.015517324209213257,,0.06987214088439941,,0.901418924331665,80213
80250,-108.59562535444974,40.384176484149506,,,-109.40075371861481,,224.0,,,,,,,,0.014929626137018204,,0.0651971697807312,,0.895638644695282,,80250
80281,-108.16313369004438,40.3110713788337,,,-104.38714374095679,,186.0,,,,,,,,0.020773177966475487,,0.06629691272974014,,0.7999381422996521,,80281
80315,-108.02177969170857,40.3100519993477,,,-104.84930781019366,,200.0,,,,,,,,0.016548391431570053,,0.05304376035928726,,0.8444660305976868,,80315
80316,,,-130.98182711163471,103.97057433728402,,-84.24270987063449,,176.0,-22.67270749231631,22.703320874747906,0.9595462966619848,,,,,0.01167028397321701,,0.038810890167951584,,0.8590778708457947,80316
80345,-107.8777069797862,40.2845998468044,,,-111.46692588685899,,175.0,,,,,,,,0.02812882885336876,,0.10208244621753693,,0.8376491665840149,,80345
80377,-107.66260761032522,40.336575737797084,,,-92.65215767629515,,190.0,,,,,,,,0.01581261120736599,,0.055718306452035904,,0.8057490587234497,,80377
80405,-106.89269002552489,40.23974817606548,,,-93.09649110542217,,166.0,,,,,,,,0.01755664497613907,,0.053630903363227844,,0.822645902633667,,80405
80406,,,-130.73424333042095,104.04329051816974,,-94.12125834009582,,172.0,-17.468741735053616,18.462857260953548,0.9861338860222643,,,,,0.0204639695584774,,0.06827367097139359,,0.8409275412559509,80406
80441,-107.2247859555043,40.22581940034389,,,-113.67369182574404,,212.0,,,,,,,,0.023519186303019524,,0.07305018603801727,,0.8414567708969116,,80441
80479,-107.33702350193103,40.27913104431275,,,-129.20634213322754,,217.0,,,,,,,,0.027862371876835823,,0.09715598076581955,,0.8460502624511719,,80479
80500,,,,,,,,,,,,41.74650955200195,43.66120910644531,2.0363376140594482,,,,,,,80479
80509,-107.15093239339312,40.239280179106125,,,-111.21309106133788,,184.0,,,,,,,,0.025333281606435776,,0.07800976932048798,,0.8357601761817932,,80509
80510,,,-131.47087599060262,103.68290172937338,,-98.70458872932132,,227.0,37.19484030386425,39.41795431753612,0.507806443083957,,,,,0.013695208355784416,,0.06858611851930618,,0.8983666300773621,80510
80540,-107.25642786558605,40.26569232557208,,,-119.91879387762434,,181.0,,,,,,,,0.0293219406157732,,0.09843022376298904,,0.7916111350059509,,80540
80568,-107.00724118170712,40.19283931153219,,,-112.6637239507678,,166.0,,,,,,,,0.02883453294634819,,0.08413705229759216,,0.8295509219169617,,80568
80600,-106.89677226827288,40.16732014879336,,,-113.47218919277866,,192.0,,,,,,,,0.024380763992667198,,0.08828375488519669,,0.8135854601860046,,80600
80601,,,-131.44252785098618,103.69437640266656,,-88.77722808723509,,173.0,-41.75533757182215,42.47401788744623,0.9136470829309478,,,,,0.01814253255724907,,0.07106690853834152,,0.846133291721344,80601
80631,-106.40827258355452,40.04052067509742,,,-104.84977295561038,,182.0,,,,,,,,0.021783653646707535,,0.07124524563550949,,0.8460385203361511,,80631
80662,-105.62932666823579,39.72768171289948,,,-102.563338089821,,182.0,,,,,,,,0.022191695868968964,,0.0672990083694458,,0.8367680311203003,,80662
80693,-105.08576146002844,39.5785938671345,,,-102.64438752627068,,185.0,,,,,,,,0.021434742957353592,,0.06037426367402077,,0.797206699848175,,80693
80694,,,-133.54092412488933,103.28046311404103,,-164.53851126440549,,351.0,-41.3488364139853,43.412564129401474,0.8232113724621734,,,,,0.025204336270689964,,0.09816957265138626,,0.8486742973327637,80694
80728,-105.29484957997265,39.59865510462008,,,-114.21589169671623,,207.0,,,,,,,,0.02450675331056118,,0.07896941155195236,,0.8461096882820129,,80728
80763,-105.40884387430064,39.582999798468414,,,-102.76453261806196,,207.0,,,,,,,,0.014152845367789268,,0.04412520304322243,,0.8640533089637756,,80763
80802,-105.21093193310975,39.54950625453366,,,-107.05806752513641,,233.0,,,,,,,,0.015503037720918655,,0.05375978350639343,,0.8102968335151672,,80802
80803,,,-130.06695647642374,101.63211481731344,,-93.56880267129503,,160.0,58.843665309995416,58.843665309995416,0.774778190555015,,,,,0.017662301659584045,,0.061139024794101715,,0.8394848704338074,80803
80835,-104.85615754880062,39.455551002873264,,,-106.62567892387824,,198.0,,,,,,,,0.01626765727996826,,0.05108101665973663,,0.8345174193382263,,80835
80866,-104.75433390995175,39.39585429251076,,,-125.37398045310188,,185.0,,,,,,,,0.03738810122013092,,0.11897855997085571,,0.8173261284828186,,80866
80894,-104.53854221040363,39.36001820502275,,,-105.79105914235562,,168.0,,,,,,,,0.025066036731004715,,0.07824911177158356,,0.819537341594696,,80894
80895,,,-129.16391289371165,101.91752882580313,,-74.87261428000411,,196.0,-33.042049742474845,33.042049742474845,0.9802141807947498,,,,,0.011529839597642422,,0.035680413246154785,,0.8269405364990234,80895
80927,-104.85922118753399,39.351790512770314,,,-111.70609779420934,,196.0,,,,,,,,0.023570531979203224,,0.07322485744953156,,0.8378113508224487,,80927
80957,-101.1942171157572,47.39953520847338,,,83.84418697824987,,180.0,,,,,,,,0.06934349238872528,,0.18490813672542572,,0.7052778005599976,,80957
80989,-97.23403366329427,53.584693735119615,,,78.65088143095159,,190.0,,,,,,,,0.04929148033261299,,0.1435198187828064,,0.8290410041809082,,80989
80990,,,-135.31512734161302,108.19551591450721,,-393.2415521917507,,480.0,-21.07384651629254,28.541875053724894,0.6035365447107917,,,,,0.0698392316699028,,0.18503637611865997,,0.7941718101501465,80990
81000,,,,,,,,,,,,54.2020378112793,49.37807846069336,2.038365364074707,,,,,,,80990
81027,-102.33379604373093,43.01096620603556,,,-127.13838819194783,,226.0,,,,,,,,0.023476412519812584,,0.07702738046646118,,0.8600448369979858,,81027
81063,-102.72968023660867,43.07388897518027,,,-119.27010811853202,,211.0,,,,,,,,0.023747805505990982,,0.0837104395031929,,0.8303462266921997,,81063
81092,-102.72991771152032,43.07392054002405,,,-108.46106095659988,,169.0,,,,,,,,0.025553671643137932,,0.08408857882022858,,0.8150954842567444,,81092
81093,,,-135.89647622991572,108.10193716740645,,-132.73100643377182,,291.0,-22.117188372972496,28.238986705586672,0.6003501577142999,,,,,0.02265325002372265,,0.07884158939123154,,0.8199649453163147,81093
81120,-102.37078635566643,43.08601208627228,,,-92.12161443400772,,166.0,,,,,,,,0.015611601993441582,,0.05589168891310692,,0.8500432372093201,,81120
81151,-102.1829801687519,43.014310179421784,,,-114.01770811780798,,184.0,,,,,,,,0.02283589541912079,,0.07394809275865555,,0.8858235478401184,,81151
81179,-101.52653821870048,42.73002064550954,,,-104.01063463423482,,165.0,,,,,,,,0.021863097324967384,,0.07329343259334564,,0.7958358526229858,,81179
81180,,,-130.47267913747223,103.03071215792977,,-96.29367205028274,,192.0,-29.537895515871543,33.0433417406554,0.9770676281330974,,,,,0.019735995680093765,,0.05972592532634735,,0.7805936932563782,81180
81211,-101.4879234978205,42.7279096994917,,,-102.87772172174608,,192.0,,,,,,,,0.021254753693938255,,0.08250982314348221,,0.8282874226570129,,81211
81245,-101.07510783886295,42.512618813822876,,,-113.18836834116134,,201.0,,,,,,,,0.024614444002509117,,0.09411343932151794,,0.8135480880737305,,81245
81325,-103.44306962848209,45.53281925948505,,,-217.60660522594736,,480.0,,,,,,,,0.041348647326231,,0.1275940090417862,,0.8975201845169067,,81325
81326,,,-130.74444851085306,102.99283260755907,,-123.0448903039267,,250.0,16.815163964271544,37.410715203285214,0.7176238910835381,,,,,0.015121235512197018,,0.06673406064510345,,0.9495353698730469,81326
81360,-103.22959994731042,45.44122467111753,,,-117.51695480321976,,209.0,,,,,,,,0.024711528792977333,,0.07722140848636627,,0.8211032152175903,,81360
81392,-103.2551249523135,45.46145355069467,,,-139.90123136642927,,191.0,,,,,,,,0.03385819122195244,,0.11169996112585068,,0.8560544848442078,,81392
81427,-102.96384556572312,45.401756408591766,,,-105.13861941451037,,205.0,,,,,,,,0.018983645364642143,,0.06614701449871063,,0.8274277448654175,,81427
81428,,,-130.9735592957818,102.9186182665174,,-103.23700641647059,,215.0,25.315524367398993,29.00850227267243,0.6500601853811838,,,,,0.019394535571336746,,0.08231180906295776,,0.8636391162872314,81428
81463,-102.63628331630161,45.364671349814586,,,-99.74908244076741,,212.0,,,,,,,,0.019149327650666237,,0.06790731847286224,,0.8109250664710999,,81463
81496,-102.49622548442943,45.39371256923159,,,-89.65535928504286,,193.0,,,,,,,,0.010204358957707882,,0.03339468687772751,,0.8885545134544373,,81496
81500,,,,,,,,,,,,52.916542053222656,56.12809753417969,2.0356903076171875,,,,,,,81496
81530,-102.40267671008047,45.35318414683758,,,-119.76800991588338,,204.0,,,,,,,,0.023929588496685028,,0.07443994283676147,,0.812960684299469,,81530
81531,,,-129.81596511002274,103.00804187282753,,-93.50103874565588,,207.0,-13.790634271603276,21.73506327988445,0.8376952075281975,,,,,0.013156217522919178,,0.046904902905225754,,0.8576987385749817,81531
81559,-102.60895592751065,45.352658202810225,,,-107.54716175112156,,171.0,,,,,,,,0.016485365107655525,,0.054056890308856964,,0.8279402852058411,,81559
81598,-103.30449169709185,45.60435229511617,,,-136.80246158279246,,230.0,,,,,,,,0.025021234527230263,,0.07593408226966858,,0.8749992847442627,,81598
81627,-103.23268000072866,45.601191349401184,,,-103.48059717283702,,170.0,,,,,,,,0.01885151118040085,,0.051413677632808685,,0.8183189034461975,,81627
81628,,,-129.34971979305448,103.20752196975178,,-73.81270005042059,,183.0,-29.452391561914663,30.660209436885648,0.9640296505208903,,,,,0.01075710728764534,,0.03504699841141701,,0.8273587822914124,81628
81654,-99.37149133138838,54.6334570952026,,,112.46432411971126,,162.0,,,,,,,,0.052749019116163254,,0.14157477021217346,,0.7889464497566223,,81654
81691,-99.33088465046254,54.617606512261005,,,-119.65878123389696,,220.0,,,,,,,,0.022927915677428246,,0.0687815323472023,,0.7941411137580872,,81691
81724,-98.96836045265181,54.456364903173494,,,-114.34319173562751,,197.0,,,,,,,,0.0238351970911026,,0.08291780203580856,,0.8056350350379944,,81724
81725,,,-129.55174237185682,103.16215671692807,,-111.33058685185863,,151.0,-24.950896539435483,24.950896539435483,0.9844813321893714,,,,,0.023604337126016617,,0.08141791075468063,,0.8762478232383728,81725
81772,-101.99810491177797,52.470799166486664,,,-141.18908500905033,,285.0,,,,,,,,0.019658759236335754,,0.06279108673334122,,0.8654593229293823,,81772
81805,-101.97314806515787,52.45674540517482,,,-130.90523477793258,,197.0,,,,,,,,0.022092636674642563,,0.07211632281541824,,0.9031662344932556,,81805
81842,-101.88570732414209,52.421997606796346,,,-120.58212447537697,,220.0,,,,,,,,0.027606690302491188,,0.09390361607074738,,0.8101493716239929,,81842
81843,,,-130.43006706298388,102.83450345627111,,-113.52617104307535,,167.0,-32.452752680478696,32.53808527613828,0.9848648838889055,,,,,0.024147475138306618,,0.07988257706165314,,0.8421958088874817,81843
81874,-102.21259727135714,52.520517913027625,,,-126.03554401583344,,190.0,,,,,,,,0.02379889041185379,,0.08073846250772476,,0.863703727722168,,81874
81912,-102.51901190753733,52.63896278990104,,,-130.3509204784886,,226.0,,,,,,,,0.030688535422086716,,0.10363061726093292,,0.7867348194122314,,81912
81942,-102.55433934700763,52.64416193275513,,,-111.16712569212905,,175.0,,,,,,,,0.031571585685014725,,0.09983298182487488,,0.7789487242698669,,81942
81943,,,-131.04334563849588,102.63779527441959,,-113.11620515597245,,184.0,-3.311794503875401,14.51012356903242,0.8995541933242897,,,,,0.025703933089971542,,0.08933798223733902,,0.8530124425888062,81943
81973,-102.66877323697413,52.65423929863873,,,-110.10883823928329,,186.0,,,,,,,,0.025171862915158272,,0.08465858548879623,,0.8273465633392334,,81973
82000,,,,,,,,,,,,38.65778732299805,46.26280975341797,2.031147003173828,,,,,,,81973
82008,-102.93764302951269,52.69899176622458,,,-118.29279743712091,,208.0,,,,,,,,0.02870478667318821,,0.09867202490568161,,0.8061303496360779,,82008
82042,-103.2192732837993,52.78138313631944,,,-125.54843860118935,,204.0,,,,,,,,0.02667270600795746,,0.08461156487464905,,0.799211323261261,,82042
82043,,,-140.05076622616386,120.55925789964235,,-582.7726989597271,,480.0,2.9318337559700014,46.824496606985726,-0.48646588463609997,,,,,0.02832884155213833,,0.08801715821027756,,0.9309238195419312,82043
82070,-103.09453556527627,52.81356887193044,,,-86.41527175014386,,168.0,,,,,,,,0.016378959640860558,,0.08250404894351959,,0.8208088278770447,,82070
82116,-104.02769858722716,53.040383805906956,,,-139.75464220296718,,273.0,,,,,,,,0.027964964509010315,,0.09106863290071487,,0.8254007697105408,,82116
82196,-106.40948103078152,56.010741128670695,,,-232.7628140034609,,480.0,,,,,,,,0.056272249668836594,,0.15726715326309204,,0.8072216510772705,,82196
82197,,,-133.4866035538842,113.96150529665785,,-90.52504088810511,,173.0,-26.996678133920437,27.867880069451527,0.9408236007126753,,,,,0.013605333864688873,,0.059898022562265396,,0.8820712566375732,82197
82227,-106.31620298590938,55.97657159389409,,,-124.54243988962078,,182.0,,,,,,,,0.031222783029079437,,0.09433165192604065,,0.8088678121566772,,82227
82258,-106.19351381919957,55.97242674854493,,,-105.07863272584764,,182.0,,,,,,,,0.022919941693544388,,0.08849281817674637,,0.8221145272254944,,82258
82288,-105.82108409422894,55.94180585812961,,,-101.29730762909342,,176.0,,,,,,,,0.02311503328382969,,0.0774262547492981,,0.8010456562042236,,82288
82289,,,-133.25314216412642,114.04425574639795,,-87.12498774668055,,182.0,-51.299379764677404,51.299379764677404,0.9412100880425922,,,,,0.012059761211276054,,0.04631975665688515,,0.9221957921981812,82289
82323,-105.80410868191501,55.939855643981076,,,-111.81495333507016,,210.0,,,,,,,,0.020595308393239975,,0.08356186747550964,,0.8220119476318359,,82323
82358,-105.49018497985729,55.93998499705835,,,-97.77600408989363,,208.0,,,,,,,,0.016479920595884323,,0.05418500676751137,,0.8318551778793335,,82358
82392,-105.71777115945638,55.96006077201185,,,-116.22908193556326,,203.0,,,,,,,,0.01780243217945099,,0.06652941554784775,,0.8564965128898621,,82392
82393,,,-133.0180456910259,114.15973315200985,,-71.21224436069524,,202.0,28.958593556196384,30.090085831018957,0.6115036862065417,,,,,0.007090777158737183,,0.029551010578870773,,0.9122226238250732,82393
82424,-105.72951537814143,55.959459140619096,,,-103.15054902407503,,188.0,,,,,,,,0.022296223789453506,,0.06910647451877594,,0.7927918434143066,,82424
82460,-106.18619032392448,56.025550549912815,,,-125.47813481542266,,211.0,,,,,,,,0.023412814363837242,,0.08429751545190811,,0.8233523964881897,,82460
82493,-106.01650063267363,56.01382092217766,,,-105.73140713417345,,193.0,,,,,,,,0.018589532002806664,,0.054967522621154785,,0.8527406454086304,,82493
82494,,,-133.2109309183222,114.08792347870843,,-95.44920332492063,,184.0,-33.01628266080566,33.517538092706516,0.9492836387587111,,,,,0.0231533944606781,,0.08217654377222061,,0.8071211576461792,82494
82500,,,,,,,,,,,,43.40296936035156,47.415321350097656,2.0371673107147217,,,,,,,82494
82523,-106.09536139149253,56.01196265902497,,,-106.70757055900788,,178.0,,,,,,,,0.027768312022089958,,0.08483827859163284,,0.7954923510551453,,82523
82561,-106.78773793421009,56.233112574116944,,,-141.67689466101444,,226.0,,,,,,,,0.02470056712627411,,0.07498998939990997,,0.880338191986084,,82561
82600,-107.00772926673946,56.25356041843983,,,-117.62524555034648,,233.0,,,,,,,,0.019490975886583328,,0.062369219958782196,,0.841751217842102,,82600
82601,,,-134.31602316596144,113.77359304139094,,-128.98452471099216,,308.0,51.18758388657074,59.38550858722105,-0.0941588894140487,,,,,0.022532230243086815,,0.08530613780021667,,0.8809763193130493,82601
82635,-107.25379936070951,56.36017036993276,,,-137.67748515160406,,206.0,,,,,,,,0.032791730016469955,,0.09456642717123032,,0.8173919916152954,,82635
82671,-108.17276851327928,56.70239050265369,,,-151.73951677084463,,216.0,,,,,,,,0.0332612544298172,,0.11647818982601166,,0.8811903595924377,,82671
82704,-108.30761008453324,56.71864683044723,,,-118.4481763569077,,198.0,,,,,,,,0.022064421325922012,,0.07611545920372009,,0.8522854447364807,,82704
82705,,,-137.05091181043318,113.60457003650909,,-197.02941208330117,,387.0,-36.032150927286125,38.50107577589439,0.8566880139529611,,,,,0.018661178648471832,,0.05329100787639618,,0.9485558271408081,82705
82740,-112.75630855859123,49.770564323270456,,,-138.59073672464868,,214.0,,,,,,,,0.026839233934879303,,0.08556529879570007,,0.833979606628418,,82740
82783,-115.07252690026449,43.05003934495117,,,-37.16003565271177,,253.0,,,,,,,,0.07237186282873154,,0.1827288568019867,,0.7283250689506531,,82783
82863,-116.09803240528386,43.92703629266508,,,-178.41366344291717,,480.0,,,,,,,,0.0242763701826334,,0.08441510796546936,,0.8882008194923401,,82863
82864,,,-138.02155900719265,113.18154430239815,,-112.38365492511763,,207.0,-54.18443484266023,54.18443484266023,0.9350794740504811,,,,,0.02417076751589775,,0.0865308940410614,,0.8308058977127075,82864
82895,-116.00936341399515,43.92501832965282,,,-114.83665855409497,,187.0,,,,,,,,0.033831886947155,,0.09717415273189545,,0.7661274075508118,,82895
82928,-116.29320560827335,43.92117866094388,,,-122.6531706705102,,193.0,,,,,,,,0.02604670636355877,,0.08355396240949631,,0.8514814972877502,,82928
82965,-116.41761706189138,43.861303237111244,,,-98.34218711490986,,217.0,,,,,,,,0.019826054573059082,,0.06201612576842308,,0.8003506660461426,,82965
82966,,,-139.16836969638862,112.99013995591004,,-148.39104256888717,,221.0,-19.374470104459185,19.374470104459185,0.9631755300947397,,,,,0.03141156956553459,,0.09166443347930908,,0.8756524324417114,82966
83000,-116.72482557380003,43.89719641579216,,,-129.37813371323938,,206.0,,,,,53.68777847290039,50.86299514770508,2.044236183166504,0.029455356299877167,,0.09836519509553909,,0.8290976881980896,,83000
83032,-117.07106275578526,43.86380889760517,,,-121.32249373349754,,192.0,,,,,,,,0.022876115515828133,,0.07484238594770432,,0.8657724261283875,,83032
83068,-117.30733242352076,43.81851393536742,,,-114.69120510852159,,214.0,,,,,,,,0.017924146726727486,,0.06479890644550323,,0.8402025103569031,,83068
83069,,,-139.04818644325007,113.03447200953065,,-94.41679380124634,,156.0,-34.832402650362404,34.845627647943985,0.9777896968131321,,,,,0.02194194123148918,,0.07888725399971008,,0.8224318027496338,83069
83101,-117.48805860100161,43.81978765177362,,,-122.22467721520263,,194.0,,,,,,,,0.035045988857746124,,0.11546079069375992,,0.8360645174980164,,83101
83132,-115.57748832370702,41.430307885785965,,,-122.07809136121817,,184.0,,,,,,,,0.03331860899925232,,0.11204212158918381,,0.805797815322876,,83132
83173,-115.84916134438033,41.48663300658313,,,-131.10060583688562,,245.0,,,,,,,,0.02562304027378559,,0.08570453524589539,,0.8478779196739197,,83173
83174,,,-137.96785598202425,113.16019427375049,,-98.33818245157599,,270.0,-56.388234103609015,57.70138669146432,0.816798808110975,,,,,0.013137050904333591,,0.04454319179058075,,0.8269508481025696,83174
83210,-115.72760175626128,41.42483866850964,,,-133.8232519604774,,218.0,,,,,,,,0.03088248334825039,,0.0996021255850792,,0.8144388794898987,,83210
83239,-115.6901896112952,41.43522843617294,,,-103.26801216620584,,170.0,,,,,,,,0.021505877375602722,,0.07729998230934143,,0.8583815693855286,,83239
83278,-115.74590389444603,41.415624597808076,,,-102.53479659830886,,234.0,,,,,,,,0.01357631478458643,,0.04019508510828018,,0.8188231587409973,,83278
83279,,,-138.19824413428626,113.05902146439253,,-94.17172399125982,,172.0,-27.853773434494816,31.025941597860914,0.9100077432026326,,,,,0.018948808312416077,,0.06682880222797394,,0.8711046576499939,83279
83310,-116.2429622734303,41.24831145367816,,,-114.50827823425571,,190.0,,,,,,,,0.029047269374132156,,0.10171977430582047,,0.8400281071662903,,83310
83353,-115.93583315503707,41.27808128659907,,,-104.4115539962221,,258.0,,,,,,,,0.011457636021077633,,0.03832036256790161,,0.8562339544296265,,83353
83389,-115.99268665709947,41.26844469716899,,,-110.3898368542416,,214.0,,,,,,,,0.016864802688360214,,0.04488299414515495,,0.8267664909362793,,83389
83390,,,-138.24203767634944,113.03453754834337,,-76.11324402606189,,216.0,-55.53018676241239,56.98791123429934,0.9242318501431109,,,,,0.009543261490762234,,0.036566004157066345,,0.8374018669128418,83390
83424,-115.4821474807662,41.1656164693399,,,-111.27550276612932,,207.0,,,,,,,,0.022161070257425308,,0.0721178874373436,,0.8243427276611328,,83424
83450,-111.37889741346618,51.16732451617248,,,101.68190619216429,,155.0,,,,,,,,0.0655193105340004,,0.17307041585445404,,0.7895604968070984,,83450
83482,-115.92917885565922,39.944258452150684,,,-115.04974798994019,,187.0,,,,,,,,0.023855675011873245,,0.08212442696094513,,0.8484852910041809,,83482
83483,,,-136.0681879460477,113.4413984529441,,-61.6150853404772,,246.0,31.881991396589978,33.85054985536792,0.5517152171123886,,,,,0.00432421313598752,,0.03909987583756447,,0.9115377068519592,83483
83500,,,,,,,,,,,,47.76604080200195,46.23554992675781,2.0594234466552734,,,,,,,83483
83512,-115.82480206135708,39.94119485763963,,,-114.43994151879001,,177.0,,,,,,,,0.022083474323153496,,0.0763399675488472,,0.867527186870575,,83512
83549,-115.94343466984621,39.945426811520946,,,-120.27482216008463,,220.0,,,,,,,,0.024145355448126793,,0.07826181501150131,,0.8232430219650269,,83549
83579,-115.34667370626845,39.78637888328489,,,-111.35103683016088,,179.0,,,,,,,,0.0229045357555151,,0.07383838295936584,,0.8293131589889526,,83579
83580,,,-135.15008382258284,113.73896377294732,,-75.84099333084755,,154.0,4.460595934809028,13.829016969188467,0.9596383394408932,,,,,0.015815559774637222,,0.04887548089027405,,0.80510014295578,83580
83614,-115.43815293984575,39.82728423063415,,,-135.47919645679747,,209.0,,,,,,,,0.02806323952972889,,0.09103070944547653,,0.8422662615776062,,83614
83649,-111.97217947729497,46.25138334829971,,,52.71654865215994,,209.0,,,,,,,,0.04529548063874245,,0.12812434136867523,,0.840674877166748,,83649
83684,-111.91652704252945,46.23609956687001,,,-123.25292227755614,,206.0,,,,,,,,0.030300261452794075,,0.09164228290319443,,0.8307548761367798,,83684
83685,,,-135.64140874617294,113.6285276001012,,-122.12592633046239,,311.0,16.758197536230853,21.720186469830885,0.5919310201008022,,,,,0.02059907279908657,,0.08699100464582443,,0.8657574653625488,83685
83717,-111.37214612514558,46.176048095465305,,,-103.13187460929497,,194.0,,,,,,,,0.02056834287941456,,0.06994488090276718,,0.8507879972457886,,83717
83758,-111.62289495897089,46.208283611830026,,,-123.70456738339489,,241.0,,,,,,,,0.021213309839367867,,0.07406475394964218,,0.85338294506073,,83758
83787,-111.53651234577022,46.215069907342844,,,-105.78970757925039,,174.0,,,,,,,,0.022516785189509392,,0.07153493165969849,,0.8092297315597534,,83787
83788,,,-135.84323189879143,113.5728188232508,,-109.43096871695276,,201.0,-54.38017794415725,54.38017794415725,0.981261910384707,,,,,0.02367251180112362,,0.07992865890264511,,0.8335573673248291,83788
83819,-111.43312232476941,46.20562094541428,,,-113.12329638707963,,189.0,,,,,,,,0.024719113484025,,0.08921138197183609,,0.8730717897415161,,83819
83853,-111.63440024254287,46.28851625509234,,,-135.61233448986277,,201.0,,,,,,,,0.03254339471459389,,0.10595715790987015,,0.8030916452407837,,83853
83890,-112.0552715809259,46.15277046792742,,,-107.45883866929623,,217.0,,,,,,,,0.02134110778570175,,0.07980681210756302,,0.8353033661842346,,83890
83891,,,-135.4920959759473,113.7540167042025,,-68.23514049596177,,184.0,-65.11982901523943,65.11982901523943,0.9418092328083201,,,,,0.007876655086874962,,0.027798792347311974,,0.8102456331253052,83891
83922,-111.55490433003928,45.98506831470998,,,-114.73627965863612,,189.0,,,,,,,,0.02605701982975006,,0.08370988816022873,,0.8049527406692505,,83922
83958,-109.2703396215422,42.62105631850939,,,-118.53457857860751,,212.0,,,,,,,,0.026415644213557243,,0.08671940118074417,,0.8086358308792114,,83958
83985,-109.0643605659448,42.571609287423335,,,-114.24348710974832,,162.0,,,,,,,,0.02923811785876751,,0.09096384793519974,,0.8313303589820862,,83985
83986,,,-135.9526412301871,113.64840625107229,,-121.16247872512831,,241.0,-48.27387588548462,48.28154167396894,0.9399140993329893,,,,,0.01900164969265461,,0.059962425380945206,,0.81496262550354,83986
84000,,,,,,,,,,,,47.64024353027344,51.30785369873047,2.060680866241455,,,,,,,83986
84018,-108.96306657451777,42.586994975539426,,,-100.01393315449711,,196.0,,,,,,,,0.013534249737858772,,0.04389125853776932,,0.8377116322517395,,84018
84050,-109.3284434184395,42.59802661031105,,,-119.56614982518084,,188.0,,,,,,,,0.028454788029193878,,0.08906635642051697,,0.8273372054100037,,84050
84085,-109.66199310258179,42.68140267710476,,,-128.49243754218335,,207.0,,,,,,,,0.028117679059505463,,0.0895170196890831,,0.8615780472755432,,84085
84086,,,-136.3298933035743,113.50366103750234,,-101.99537388917817,,191.0,-18.906413895297426,19.768411428516448,0.9412702784525377,,,,,0.02151947282254696,,0.0761529877781868,,0.8153674006462097,84086
84118,-109.7893123505509,42.655243563652334,,,-104.14196648834967,,193.0,,,,,,,,0.01802130974829197,,0.06350315362215042,,0.8821669816970825,,84118
84148,-109.6032484336667,42.647036887057155,,,-106.92588609135312,,180.0,,,,,,,,0.02557578682899475,,0.08632317930459976,,0.8412330746650696,,84148
84183,-109.77372450457406,42.63793775511047,,,-111.67435256944239,,206.0,,,,,,,,0.023712899535894394,,0.07974078506231308,,0.8175815343856812,,84183
84184,,,-135.93500128559793,113.6202761997825,,-92.72427679345769,,176.0,-27.777520824223757,27.777520824223757,0.9514798061121433,,,,,0.0213462021201849,,0.08509235829114914,,0.858161211013794,84184
84217,-109.9970542884389,42.748709858371896,,,-136.64462400866398,,200.0,,,,,,,,0.03506755456328392,,0.1098707839846611,,0.8060115575790405,,84217
84297,-111.53840516749428,43.93990032600447,,,-182.79895108694396,,480.0,,,,,,,,0.042535435408353806,,0.13826759159564972,,0.7867119908332825,,84297
84334,-111.95204708439488,43.9897971286443,,,-127.3896664040374,,222.0,,,,,,,,0.030348725616931915,,0.08978407084941864,,0.7957689762115479,,84334
84335,,,-136.4133106849971,114.20480536147001,,-287.3413692950455,,480.0,-83.25142128653825,83.25142128653825,0.4878455676840852,,,,,0.03479437530040741,,0.10981611162424088,,0.852217972278595,84335
84367,-111.37101158449902,43.78472768479993,,,-112.62511966622118,,196.0,,,,,,,,0.023333832621574402,,0.0708298534154892,,0.834907591342926,,84367
84399,-111.46249772117616,43.80247533856858,,,-122.1995523842045,,192.0,,,,,,,,0.025490354746580124,,0.07732705026865005,,0.887815535068512,,84399
84427,-110.85082262145384,43.64538819437685,,,-107.09373016548888,,163.0,,,,,,,,0.025872571393847466,,0.08735515177249908,,0.7948447465896606,,84427
84428,,,-149.23988616862925,139.53623031436078,,-714.0497574553528,,480.0,51.083631690591574,56.245201500008505,0.025594102878218845,,,,,0.035077933222055435,,0.15272603929042816,,0.8251581192016602,84428
84457,-109.66870927935243,43.321149275761236,,,-92.63384966577256,,180.0,,,,,,,,0.015056056901812553,,0.04627757892012596,,0.823743999004364,,84457
84491,-109.69937760856341,43.32789591614696,,,-119.98159281745752,,199.0,,,,,,,,0.02931992895901203,,0.09503334760665894,,0.813284158706665,,84491
84500,,,,,,,,,,,,47.66792678833008,49.652896881103516,2.0611464977264404,,,,,,,84491
84515,-104.95445659302594,52.02241466124504,,,98.65531405222444,,140.0,,,,,,,,0.07990577071905136,,0.21306800842285156,,0.7021778225898743,,84515
84516,,,-149.0466159199425,139.63053781014565,,-76.20085962312602,,201.0,33.647434986645905,46.745341108806095,0.2827109291430603,,,,,0.009637161158025265,,0.037384118884801865,,0.9124624133110046,84516
84550,-106.65331965962295,51.16058445430607,,,-122.10318898256209,,207.0,,,,,,,,0.026403633877635002,,0.0824291855096817,,0.840434730052948,,84550
84587,-105.53253040022771,50.180685688971444,,,-122.37420047315615,,218.0,,,,,,,,0.024778764694929123,,0.08707188814878464,,0.8267617225646973,,84587
84622,-105.49037315860637,50.1737364352712,,,-112.72879647302733,,205.0,,,,,,,,0.024692025035619736,,0.08259301632642746,,0.8420864939689636,,84622
85001,,,,,,,,,,,,51.74587631225586,51.192604064941406,2.0545122623443604,,,,,,,84622
85299,-104.92165224341285,50.13712072456005,,,-94.21712491083325,,166.0,,,,,,,,0.02141929417848587,,0.07134969532489777,,0.845221996307373,,85299
85317,-105.51058359572991,50.229237847165884,,,-127.78875473076246,,172.0,,,,,,,,0.039301007986068726,,0.12671254575252533,,0.8490113019943237,,85317
85324,-105.1896296187178,50.12687029684075,,,-113.33043486263425,,169.0,,,,,,,,0.022903451696038246,,0.06939567625522614,,0.9038768410682678,,85324
85351,-104.87328278817158,50.073941880365716,,,-105.5051522061868,,178.0,,,,,,,,0.01735999621450901,,0.06275580823421478,,0.8732845187187195,,85351
85394,-104.80992325613411,50.06348214612472,,,-111.52322850664838,,185.0,,,,,,,,0.023931710049510002,,0.07174095511436462,,0.8323855996131897,,85394
85398,-104.52518581799788,50.00407658145819,,,-107.98780530839062,,191.0,,,,,,,,0.019671546295285225,,0.06361569464206696,,0.8936569690704346,,85398
85399,-104.49986607143066,49.99550197681124,,,-120.81210403285819,,200.0,,,,,,,,0.01950099878013134,,0.06033024936914444,,0.8725621104240417,,85399
85403,-103.90300177658649,49.85230442702709,,,-101.25739109467673,,197.0,,,,,,,,0.019610395655035973,,0.07991250604391098,,0.8092263340950012,,85403
85423,-99.34215993485519,56.847091708692815,,,94.21884012608795,,167.0,,,,,,,,0.03998751938343048,,0.11250205338001251,,0.8038033843040466,,85423
85472,-99.46967475488695,56.862903424421575,,,-109.64375316779424,,208.0,,,,,,,,0.02584436722099781,,0.09009300172328949,,0.8233611583709717,,85472
85489,-99.87960085715955,56.95732317983808,,,-123.03110171193818,,218.0,,,,,,,,0.027954842895269394,,0.09933606535196304,,0.8045681715011597,,85489
85494,-100.13064772569454,57.04883726321718,,,-127.06062166100504,,220.0,,,,,,,,0.027305401861667633,,0.09094656258821487,,0.8227089643478394,,85494
85499,-100.60598841603836,57.181387713064694,,,-128.17858851341313,,216.0,,,,,,,,0.025440188124775887,,0.07890541851520538,,0.8086883425712585,,85499
85501,,,,,,,,,,,,42.3617057800293,49.42296600341797,2.059908390045166,,,,,,,85499
85548,-100.62711333681891,57.185193308144186,,,-111.44608289326949,,171.0,,,,,,,,0.025815138593316078,,0.07398207485675812,,0.8529665470123291,,85548
85575,-100.45384431936095,57.165788258451386,,,-102.61205189323135,,165.0,,,,,,,,0.026119640097022057,,0.07542713731527328,,0.7726956605911255,,85575
85582,-104.98227139273584,49.416993769029204,,,-124.7394474765801,,179.0,,,,,,,,0.03723534196615219,,0.11498169600963593,,0.8288121819496155,,85582
85591,-105.0983625205684,49.44731684269205,,,-120.85430438156867,,176.0,,,,,,,,0.028613585978746414,,0.0881013348698616,,0.836884617805481,,85591
85601,-104.6330139909922,49.46669461653012,,,-91.17251503997842,,174.0,,,,,,,,0.014191492460668087,,0.04464113712310791,,0.8281024098396301,,85601
85609,-104.46385778262666,49.42736221648817,,,-111.81701174180763,,184.0,,,,,,,,0.0240416768938303,,0.06975119560956955,,0.8279961347579956,,85609
85615,-104.22286794007572,49.422569585137666,,,-99.30154470261431,,182.0,,,,,,,,0.017821533605456352,,0.05940459296107292,,0.8598321080207825,,85615
85621,-103.89218808719103,49.267401161991614,,,-118.94520381256237,,181.0,,,,,,,,0.02984357438981533,,0.09241512417793274,,0.8316368460655212,,85621
85622,-107.12497252792103,43.89539963596386,,,-108.92267338434111,,191.0,,,,,,,,0.023191582411527634,,0.07584179937839508,,0.7942981719970703,,85622
85655,-106.68151682482493,43.842194763484926,,,-101.08013712275074,,190.0,,,,,,,,0.018927067518234253,,0.05929341912269592,,0.799899160861969,,85655
85697,-106.36265419709679,43.92475080818041,,,-87.18874322288755,,188.0,,,,,,,,0.013050048612058163,,0.046595826745033264,,0.8164466619491577,,85697
85713,-106.29889311319558,43.9018389536541,,,-120.51651318833491,,201.0,,,,,,,,0.020059892907738686,,0.07253411412239075,,0.8967732191085815,,85713
85729,-106.47145501303807,43.91645288864922,,,-114.41780257137555,,204.0,,,,,,,,0.021404700353741646,,0.06481826305389404,,0.854183554649353,,85729
85731,-107.03391560924118,44.17736259491852,,,-141.24632619723457,,201.0,,,,,,,,0.024787044152617455,,0.09012532979249954,,0.8983506560325623,,85731
85770,-106.87128759869667,44.08673279626934,,,-127.48093396263839,,207.0,,,,,,,,0.02258221246302128,,0.07917403429746628,,0.8658155202865601,,85770
86000,,,,,,,,,,,,50.27219009399414,46.25377655029297,2.0574891567230225,,,,,,,85770
86011,-107.18031702515502,44.143885306175946,,,-122.91030999221283,,172.0,,,,,,,,0.027404360473155975,,0.08851053565740585,,0.852460503578186,,86011
86074,-106.83869128436223,44.15018331165255,,,-97.65499261899681,,162.0,,,,,,,,0.02160770632326603,,0.07999251037836075,,0.8040270209312439,,86074
86126,-106.41926153911321,44.13669249779296,,,-97.56309131615717,,192.0,,,,,,,,0.019034193828701973,,0.06969662010669708,,0.7964075207710266,,86126
86148,-106.1581843232614,44.128245771926935,,,-101.18962631715767,,180.0,,,,,,,,0.017075054347515106,,0.052913688123226166,,0.8259331583976746,,86148
86155,-106.58254807485693,44.16912298250766,,,-121.23212073427253,,218.0,,,,,,,,0.026150571182370186,,0.08877316862344742,,0.8090360164642334,,86155
86167,-106.51544141525825,44.151891405037226,,,-116.2108168452457,,196.0,,,,,,,,0.024479897692799568,,0.08346500992774963,,0.8158368468284607,,86167
86183,-106.350115400852,44.08471479035067,,,-120.22613682187274,,200.0,,,,,,,,0.020068803802132607,,0.06607037782669067,,0.8834308981895447,,86183
86237,-106.69519266508523,44.133580772143496,,,-121.39582970001122,,226.0,,,,,,,,0.024380438029766083,,0.08122748881578445,,0.8209207653999329,,86237
86254,-106.59607614145334,44.13851607029883,,,-101.97005990975889,,186.0,,,,,,,,0.016562534496188164,,0.05016642063856125,,0.8780941963195801,,86254
86304,-106.66756368398663,44.14957622515132,,,-115.24872969610713,,202.0,,,,,,,,0.023312760517001152,,0.07430200278759003,,0.8087594509124756,,86304
86314,-106.21150675848544,43.95490867891272,,,-113.84177773360453,,196.0,,,,,,,,0.024647042155265808,,0.08002722263336182,,0.8265011310577393,,86314
86347,-105.42243442064499,42.914764965492886,,,-143.3453341949204,,211.0,,,,,,,,0.03134089708328247,,0.10611537098884583,,0.8396620750427246,,86347
86501,,,,,,,,,,,,68.32481384277344,54.30427169799805,2.064178705215454,,,,,,,86347
86541,-104.80488855960233,42.81626194914422,,,-96.51237335190466,,170.0,,,,,,,,0.02123722806572914,,0.06725463271141052,,0.8105068802833557,,86541
86554,-104.84819451154108,42.82524380865606,,,-114.79041726315913,,203.0,,,,,,,,0.02470887079834938,,0.07859387248754501,,0.8018442392349243,,86554
86595,-104.59867065436103,42.7597146551896,,,-109.72335952520196,,184.0,,,,,,,,0.02521640993654728,,0.08714156597852707,,0.8416358828544617,,86595
86643,-105.02265647696049,42.88726351753231,,,-128.293021295462,,209.0,,,,,,,,0.026579301804304123,,0.08967479318380356,,0.8400088548660278,,86643
86647,-105.47784972437975,42.87413688165043,,,-115.393512036736,,187.0,,,,,,,,0.024242650717496872,,0.0770590603351593,,0.8334106802940369,,86647
86705,-106.03994640878356,43.243245791717506,,,-148.0864270376473,,200.0,,,,,,,,0.041179727762937546,,0.12589308619499207,,0.8233222365379333,,86705
86707,-110.35093057649279,31.870784312840353,,,-116.89389433323646,,208.0,,,,,,,,0.026827124878764153,,0.0995347648859024,,0.8351057767868042,,86707
86709,-110.14404331556015,31.82736907460082,,,-111.75882593592961,,181.0,,,,,,,,0.022967597469687462,,0.06856486946344376,,0.8175119161605835,,86709
86736,-109.98816560868553,31.78614792046208,,,-114.58031512942564,,198.0,,,,,,,,0.02545246295630932,,0.07937926054000854,,0.825345516204834,,86736
86744,-110.22107815662912,31.847982962052072,,,-124.3744238702077,,219.0,,,,,,,,0.020592669025063515,,0.0616706907749176,,0.8486028909683228,,86744
86793,-110.57995212602364,31.766616912508216,,,-112.1608233805586,,198.0,,,,,,,,0.022394562140107155,,0.08533097803592682,,0.8634676933288574,,86793
86805,-110.3038840640047,31.675713309490245,,,-113.9853516298164,,202.0,,,,,,,,0.020527126267552376,,0.05820748955011368,,0.8346948027610779,,86805
86820,-109.95553663352099,31.736228225185503,,,-95.9130633384488,,215.0,,,,,,,,0.014720003120601177,,0.04837064445018768,,0.7921838760375977,,86820
86831,-110.43772198930863,31.84790408666724,,,-129.61441999556882,,190.0,,,,,,,,0.03135445713996887,,0.10829363018274307,,0.8519375920295715,,86831
86843,-110.88126441354798,32.01392970756508,,,-133.70034971861492,,223.0,,,,,,,,0.034051280468702316,,0.10850291699171066,,0.835737407207489,,86843
86852,-111.23076281726375,32.07576163117211,,,-125.46272549417846,,175.0,,,,,,,,0.03487145155668259,,0.10778744518756866,,0.8613713383674622,,86852
86861,-110.71668796416556,32.124022254985434,,,-95.10836137794932,,174.0,,,,,,,,0.020952023565769196,,0.08566892147064209,,0.817700982093811,,86861
86876,-111.14071070143387,32.13628573342969,,,-122.45852795809212,,205.0,,,,,,,,0.02772343158721924,,0.07907256484031677,,0.8103092312812805,,86876
86891,-115.6214816919791,13.27368636053269,,,-129.81970940117358,,229.0,,,,,,,,0.02867472544312477,,0.09017250686883926,,0.7815220355987549,,86891
86929,-115.51185016001722,13.345050739376154,,,-104.16217656970002,,191.0,,,,,,,,0.02579546719789505,,0.07381150126457214,,0.7787407636642456,,86929
86931,-115.3378430887746,13.302526750088898,,,-114.33074814980877,,213.0,,,,,,,,0.02047806791961193,,0.07418625801801682,,0.8999367356300354,,86931
86933,-115.04054723986039,13.202946920653774,,,-112.19582921529408,,178.0,,,,,,,,0.025103488937020302,,0.07538517564535141,,0.8403601050376892,,86933
86934,-114.72151222855389,13.073721760869102,,,-112.22683794808837,,198.0,,,,,,,,0.0274678822606802,,0.095089852809906,,0.7970481514930725,,86934
86939,-114.72419031863924,13.07306422867741,,,-111.57998739753648,,212.0,,,,,,,,0.021758005023002625,,0.0732634887099266,,0.8070837259292603,,86939
86947,-114.89146714354422,12.970117327197375,,,-110.97589313847978,,185.0,,,,,,,,0.019521202892065048,,0.06415250152349472,,0.8519834876060486,,86947
87001,,,,,,,,,,,,46.206764221191406,40.119232177734375,2.0620336532592773,,,,,,,86947
87015,-114.60478069763163,12.907542187198334,,,-110.40512518095166,,191.0,,,,,,,,0.02211860567331314,,0.08289574831724167,,0.8599295616149902,,87015
87027,-114.56767091174281,12.89217933543028,,,-118.9988150871267,,200.0,,,,,,,,0.020959187299013138,,0.07083924859762192,,0.8478736281394958,,87027
87097,-115.20700310129091,12.502890559438374,,,-123.13912451738364,,223.0,,,,,,,,0.02803746424615383,,0.09687203913927078,,0.8307483196258545,,87097
87226,-114.79445922086644,12.940585107787635,,,-91.18981772058379,,160.0,,,,,,,,0.014371276833117008,,0.049454476684331894,,0.8250199556350708,,87226
87252,,,-149.07057481472762,139.62271950055955,,-104.09435544853132,,157.0,63.4290209750461,63.45489895799357,0.47354249424941214,,,,,0.03062865138053894,,0.0995049849152565,,0.7873924970626831,87252
87275,-115.22009672785876,12.77290918269133,,,-120.58342005223062,,191.0,,,,,,,,0.02110116556286812,,0.07411686331033707,,0.8822516202926636,,87275
87305,-115.30676904455257,12.812534048531555,,,-123.27881964725228,,187.0,,,,,,,,0.02920828014612198,,0.1046736091375351,,0.8246778249740601,,87305
87324,,,-149.4331856395139,139.44167507232882,,-88.65147858675137,,176.0,-23.601916120133616,24.4857323853807,0.9730075524720395,,,,,0.022680306807160378,,0.06927724927663803,,0.7917258739471436,87324
87326,-115.66874345381582,12.882527640541786,,,-127.02139384750463,,182.0,,,,,,,,0.023270288482308388,,0.08053825795650482,,0.8691368699073792,,87326
87339,-116.1112940179053,12.753188839429868,,,-123.20766532722445,,188.0,,,,,,,,0.03316200524568558,,0.09971900284290314,,0.8446585536003113,,87339
87342,,,-142.64893472973435,132.75560953774732,,-110.56373604775776,,202.0,-26.091075672961697,32.121039628982544,0.8879701945553282,,,,,0.027209820225834846,,0.08577924221754074,,0.8349664807319641,87342
87343,-116.829900400464,12.098732491110521,,,-123.11906235082208,,200.0,,,,,,,,0.02814396657049656,,0.08558842539787292,,0.8121117353439331,,87343
87346,-116.62061980749212,12.123628781597755,,,-110.05248353973968,,216.0,,,,,,,,0.019955603405833244,,0.09482051432132721,,0.8224210143089294,,87346
87351,,,-142.55387372442252,132.79356054930147,,-87.2175519094526,,200.0,41.31665714532137,43.5356345012784,0.45745411859281615,,,,,0.016131993383169174,,0.07077956944704056,,0.881107747554779,87351
87356,-117.0822153101101,12.465520597602191,,,-137.49757770227504,,210.0,,,,,,,,0.03138884902000427,,0.09672042727470398,,0.8271568417549133,,87356
87367,,,-132.7242476825029,119.03737254840169,,-68.11231877878777,,190.0,-13.571726569376494,19.756638636087118,0.9202257570817347,,,,,0.007159484550356865,,0.023996790871024132,,0.8834401965141296,87366
87369,-116.20069190751511,12.282664093194644,-132.51817403279955,119.12734351855026,-97.17015606748511,-75.47846590042147,205.0,213.0,55.18186345710441,62.29943935775981,0.2379288989761174,,,,0.012889710254967213,0.010403446853160858,0.03711231052875519,0.07071565836668015,0.8873634338378906,0.903008222579956,87369
87378,,,-131.6191468918562,119.23060711044214,,-95.90390792919504,,194.0,60.60130283943157,60.75629505115686,0.24769670919707593,,,,,0.020364981144666672,,0.0784301906824112,,0.8454822897911072,87378
87384,-116.17641011368964,12.261521882398732,,,-126.26684427136487,,185.0,,,,,,,,0.023243995383381844,,0.09669003635644913,,0.8584943413734436,,87384
87401,-115.7903664609015,12.346992170174714,,,-103.60812735280659,,190.0,,,,,,,,0.018560243770480156,,0.05772041156888008,,0.8633275032043457,,87401
87410,,,-131.39282147240183,119.29217866282548,,-93.40293324114191,,214.0,56.20379476792345,56.80820531377169,0.48893054341705167,,,,,0.01302570104598999,,0.04656894505023956,,0.9000133275985718,87410
87413,,,-131.4234396451921,119.28069955286924,,-87.45170809682783,,179.0,-15.590798367335143,15.63605377261199,0.9021909700932786,,,,,0.016798704862594604,,0.05751638486981392,,0.8481078147888184,87412
87416,-115.91213206565988,12.196647178065133,-131.6332685202771,119.2067234118841,-103.74327285691655,-94.73415362488603,196.0,206.0,15.52973413641013,15.52973413641013,0.9532976371807232,,,,0.021074078977108,0.009504945017397404,0.06495614349842072,0.027337344363331795,0.8304393291473389,0.8664970397949219,87416
87425,-115.87660958908981,12.25249523963028,,,-95.78696748765158,,183.0,,,,,,,,0.019799331203103065,,0.0634978786110878,,0.8231315016746521,,87425
87429,-115.98968560103157,12.142020904479935,,,-106.84342691424591,,177.0,,,,,,,,0.02427917905151844,,0.07419498264789581,,0.8243348002433777,,87429
87435,-116.05298595285676,12.17738508112707,,,-124.39713832553255,,202.0,,,,,,,,0.024019446223974228,,0.08198033273220062,,0.8506804704666138,,87435
87458,-116.02921479973305,12.178213829940562,,,-115.02225918906065,,239.0,,,,,,,,0.01927456073462963,,0.07283176481723785,,0.8234716653823853,,87458
87500,,,,,,,,,,,,50.08403778076172,43.479801177978516,2.0739405155181885,,,,,,,87458
87503,,,-131.1643950099701,119.39929630632612,,-70.67758282474364,,225.0,38.29332202302085,41.29354261424806,0.5685021210575741,,,,,0.00683317705988884,,0.03541414812207222,,0.8995572328567505,87503
87553,-111.24800762476349,35.04730153901611,,,118.83422192660633,,132.0,,,,,,,,0.06381761282682419,,0.18536341190338135,,0.7494256496429443,,87553
87626,-110.892847577072,35.032641029997095,,,-103.63782731543844,,212.0,,,,,,,,0.018101483583450317,,0.05617036670446396,,0.8323190212249756,,87626
87631,,,-131.9544057970407,119.3125580120161,,-138.20512808285196,,264.0,-60.27249910479242,60.27249910479242,0.9149905566027402,,,,,0.02432560734450817,,0.08156754821538925,,0.8644429445266724,87631
87687,-110.75176414068575,35.08245964715472,,,-94.91588809044647,,189.0,,,,,,,,0.017543986439704895,,0.061746299266815186,,0.8353540897369385,,87687
87729,,,-131.83672754617777,119.3579787414166,,-82.89331554408923,,180.0,-72.92411215967603,72.92411215967603,0.9666332858384395,,,,,0.014982687309384346,,0.04999519884586334,,0.8440722823143005,87729
87732,-110.523906828199,35.089509411082716,,,-103.85586407176922,,163.0,,,,,,,,0.02612278424203396,,0.09426829218864441,,0.8251712322235107,,87732
87739,-110.83454796329984,35.18612514763212,,,-129.37383448864645,,204.0,,,,,,,,0.027227751910686493,,0.08651401847600937,,0.8374149799346924,,87739
87755,,,-129.7555942480271,119.67638957478417,,-60.481846356872296,,166.0,-35.138878479061354,35.22860438421548,0.9117103196203603,,,,,0.004613454453647137,,0.013909496366977692,,0.8844007849693298,87755
87759,-110.05130032224355,34.87999869626471,,,-99.93200988170034,,193.0,,,,,,,,0.017762336879968643,,0.054246943444013596,,0.8105396032333374,,87759
87780,-110.12203752667011,34.89312191065087,,,-118.32727748448711,,208.0,,,,,,,,0.026171140372753143,,0.08268055319786072,,0.830172598361969,,87780
87791,-110.77481248008912,35.183648254474924,,,-142.36210719615212,,191.0,,,,,,,,0.028782295063138008,,0.094384104013443,,0.8892012238502502,,87791
87809,-110.59925371297031,35.11763627247717,,,-119.51508293952139,,200.0,,,,,,,,0.029613494873046875,,0.09615344554185867,,0.8129836916923523,,87809
87864,,,-129.57674764016897,119.7370005923358,,-84.62647227838764,,175.0,-39.13592874526977,39.13592874526977,0.9152917633201497,,,,,0.015925506129860878,,0.04323103278875351,,0.8752220273017883,87863
87901,,,-129.8394000617336,119.63107160386416,,-88.00523535823709,,202.0,-35.129377174495474,37.58144554466304,0.9191827902298468,,,,,0.01385034155100584,,0.04882645979523659,,0.8633497953414917,87901
87939,-110.87585111455985,35.20865427933234,,,-129.22338211621263,,189.0,,,,,,,,0.029898202046751976,,0.10458190739154816,,0.8255425095558167,,87939
87967,,,-123.47547934162148,113.76962391352949,,-75.04551618614389,,182.0,68.3265376169603,68.3265376169603,0.20770074282121614,,,,,0.01439056359231472,,0.06435588747262955,,0.8917666673660278,87965
87976,-110.5563335935144,34.94099247412426,,,-132.11055098537537,,214.0,,,,,,,,0.026484986767172813,,0.08446525037288666,,0.8261950016021729,,87976
87983,,,-122.39795511852232,113.93187912197429,,-78.85479527881351,,172.0,10.504350538517153,12.568982843396276,0.8693013402733459,,,,,0.019637521356344223,,0.07301001995801926,,0.822231650352478,87983
88001,,,,,,,,,,,,37.90993118286133,35.07566833496094,2.0704472064971924,,,,,,,87983
88022,,,-122.16046816290088,113.99840146398414,,-84.41932426921065,,204.0,64.9426645370675,66.6007227596699,0.29656667744010945,,,,,0.012733574956655502,,0.06612662225961685,,0.9145374894142151,88020
88042,-110.29272765739739,34.94190370031479,,,-103.71359752738589,,178.0,,,,,,,,0.017799997702240944,,0.051900893449783325,,0.7930755019187927,,88042
88075,,,-121.4292986113128,114.10757226410732,,-86.4864127245215,,203.0,-54.12061643776635,54.12061643776635,0.9900721474293054,,,,,0.01159770879894495,,0.04468177631497383,,0.8825041651725769,88075
88099,,,-120.9205981081685,114.24415494145538,,-77.80198125925614,,258.0,26.64555117880651,31.67806703730147,0.4472841558371994,,,,,0.011853802017867565,,0.054918430745601654,,0.8384750485420227,88099
88107,-110.81241462644748,35.15244104308683,,,-137.74317438843445,,206.0,,,,,,,,0.03228923678398132,,0.11804855614900589,,0.8700839281082153,,88107
88113,,,-121.66013523509659,114.18393151807848,,-130.4778950920612,,224.0,58.964385071237174,59.103261339079054,0.5322408025515522,,,,,0.026855727657675743,,0.08484069257974625,,0.9182704091072083,88113
88149,-110.41639313745088,35.21923608087123,,,-94.77924067959599,,181.0,,,,,,,,0.014728464186191559,,0.04313081502914429,,0.8662740588188171,,88149
88151,,,-122.69335254095118,113.97984902092504,,-125.47356534314967,,208.0,-29.596268782248863,30.01429765041058,0.8846573107526685,,,,,0.023342616856098175,,0.09011276811361313,,0.8868812918663025,88149
88174,,,-123.07554518621099,113.97314570356889,,-130.4402191148487,,212.0,-9.98767507329302,13.804416008434206,0.9620069061239575,,,,,0.025753585621714592,,0.08126778900623322,,0.8111215233802795,88173
88220,-109.67631266130078,35.30683637068406,,,-87.3704000627019,,159.0,,,,,,,,0.01607540249824524,,0.049187980592250824,,0.8420097827911377,,88220
88250,-109.50014288720091,35.31597452708832,,,-103.3523346755657,,193.0,,,,,,,,0.015308737754821777,,0.055705782026052475,,0.8688861131668091,,88250
88267,,,-123.54803747986338,113.98154732058062,,-137.15078572569547,,239.0,-30.01438009040625,34.70417805745512,0.9339663982557426,,,,,0.03720138594508171,,0.12328825145959854,,0.8228045105934143,88266
88302,-109.24427716820335,35.328893706428644,,,-101.192065679938,,187.0,,,,,,,,0.018898889422416687,,0.05732030048966408,,0.8538849353790283,,88302
88356,-109.46868969112413,35.279101971331556,,,-107.13368948448728,,182.0,,,,,,,,0.023560309782624245,,0.07013872265815735,,0.7997534275054932,,88356
88421,-108.96523336803934,35.16745641196121,,,-104.4416038413305,,204.0,,,,,,,,0.019362501800060272,,0.09356655180454254,,0.8292210698127747,,88421
88450,-109.01926117132396,35.20746781097548,,,-136.40173988284639,,244.0,,,,,,,,0.024946996942162514,,0.07616191357374191,,0.8302134275436401,,88450
88469,-109.09168383238809,35.24492240873238,,,-129.0838585473826,,239.0,,,,,,,,0.02522226981818676,,0.08548858016729355,,0.8148170113563538,,88469
88501,-109.74215718586044,35.28095324525145,,,-127.63202905156749,,188.0,,,,,47.782081604003906,40.83342742919922,2.073662042617798,0.027944818139076233,,0.08808750659227371,,0.772423505783081,,88501
88591,-109.67162421239034,35.258978787338286,,,-118.93187928458671,,196.0,,,,,,,,0.02244807779788971,,0.07192815095186234,,0.8597108721733093,,88591
88594,-108.94149353591969,35.21215080651099,,,-93.3131755776417,,188.0,,,,,,,,0.013643096201121807,,0.04762976989150047,,0.8841742873191833,,88594
88721,-108.9790576651007,35.20803381029529,,,-106.04038302875047,,195.0,,,,,,,,0.023919984698295593,,0.08300313353538513,,0.7795985341072083,,88721
88729,-108.9235511144024,35.2017400835502,,,-111.55542061489386,,187.0,,,,,,,,0.022184785455465317,,0.06268220394849777,,0.8054541349411011,,88729
88730,-109.00870931276198,35.21470107133776,,,-116.45373913327339,,193.0,,,,,,,,0.02102533169090748,,0.06938236951828003,,0.8614105582237244,,88730
88737,,,-124.50440344099822,114.0905648492869,,-160.93450321271416,,325.0,-26.73916903899266,32.020485431597784,0.7689170205931706,,,,,0.026364386081695557,,0.08182305842638016,,0.8364626169204712,88735
88764,-109.50195032759657,35.42839039313848,,,-136.88888868981746,,224.0,,,,,,,,0.027691643685102463,,0.08996517211198807,,0.8168870806694031,,88764
88773,-109.24762279898236,35.45819064592317,,,-98.86361096682681,,179.0,,,,,,,,0.018105236813426018,,0.0606989823281765,,0.8416017293930054,,88773
88807,-109.26024584023885,35.458915996623276,,,-111.60704520130433,,200.0,,,,,,,,0.022018037736415863,,0.06877339631319046,,0.8462442755699158,,88807
88879,-109.38072734731614,35.47283286003813,,,-116.42920053481649,,193.0,,,,,,,,0.026851912960410118,,0.08619740605354309,,0.8455451726913452,,88879
88888,-109.39223692023975,35.47604490813245,,,-119.57429373330724,,183.0,,,,,,,,0.03629618510603905,,0.11398717761039734,,0.7842497229576111,,88888
88958,-109.44457107845909,35.49820883152564,,,-125.75583242835046,,213.0,,,,,,,,0.02949855849146843,,0.0919581800699234,,0.8025482892990112,,88958
88990,-110.21408612353791,35.51117756940706,,,-129.6655699745249,,216.0,,,,,,,,0.02504611387848854,,0.0806107372045517,,0.8748598098754883,,88990
89000,,,,,,,,,,,,38.91168975830078,41.281471252441406,2.072023630142212,,,,,,,88990
89018,-109.86215016212248,35.49386054631178,,,-102.98662198145756,,190.0,,,,,,,,0.017321506515145302,,0.05811283737421036,,0.8236727118492126,,89018
89025,-110.21666308875984,35.713935562372924,,,-141.0044659791217,,225.0,,,,,,,,0.02997361123561859,,0.09930288046598434,,0.8599091172218323,,89025
89037,-110.24395137168553,35.72728405178681,,,-128.38580799378826,,195.0,,,,,,,,0.030929818749427795,,0.09252984821796417,,0.827485978603363,,89037
89045,-109.95844612745044,35.67955378166495,,,-108.93240311547122,,184.0,,,,,,,,0.023743432015180588,,0.06950254738330841,,0.7828577756881714,,89045
89049,-109.71031112207291,35.63027247956149,,,-110.71231208194523,,186.0,,,,,,,,0.024327034130692482,,0.07582172751426697,,0.7861806750297546,,89049
89069,,,-118.09700244835018,95.68554807789134,,-262.40264932732623,,390.0,3.9562351219165017,21.786911322978828,0.2866608571103372,,,,,0.025319445878267288,,0.07814367860555649,,0.9286772608757019,89066
89075,-109.80651146495313,35.637559147171515,,,-114.8625006837505,,201.0,,,,,,,,0.021740715950727463,,0.06248107925057411,,0.8422368168830872,,89075
89113,-106.83723169350809,39.212307659792536,,,10.9664108699776,,269.0,,,,,,,,0.057015787810087204,,0.16713707149028778,,0.7693140506744385,,89113
89120,-107.21155496773302,39.196055404921296,,,-123.16635007549007,,239.0,,,,,,,,0.023481758311390877,,0.07914514094591141,,0.8392338752746582,,89120
89159,,,-126.8055588005585,111.3176036493313,,-525.9528584985205,,480.0,2.7282869825760523,48.518979993462565,-0.3823187469962894,,,,,0.04583568125963211,,0.13330812752246857,,0.8521658182144165,89158
89180,-103.54057753066648,47.1499167981852,,,79.94074450052084,,157.0,,,,,,,,0.05348392575979233,,0.15014661848545074,,0.8371172547340393,,89180
89188,-104.12595051501032,47.330142338905425,,,-133.01192207410887,,220.0,,,,,,,,0.02086993306875229,,0.061616916209459305,,0.8447741270065308,,89188
89208,-104.24731094689382,47.31638213161093,,,-101.85498908182687,,238.0,,,,,,,,0.011822680942714214,,0.03889204561710358,,0.8905227780342102,,89208
89278,-104.59090364184891,47.396294919004,,,-124.0230616619997,,188.0,,,,,,,,0.026793699711561203,,0.09027542918920517,,0.8436082601547241,,89278
89302,-104.75727110917406,47.480050830084124,,,-132.7155116917891,,236.0,,,,,,,,0.026733683422207832,,0.09053768962621689,,0.8313069939613342,,89302
89332,-105.19381696350789,47.672377166167855,,,-136.8495519057536,,206.0,,,,,,,,0.030202023684978485,,0.09906043857336044,,0.8455290794372559,,89332
89368,,,-126.44251378068613,111.47591144404011,,-68.97273675306317,,187.0,3.122705126509947,13.100943318981537,0.9143709419033818,,,,,0.00625531654804945,,0.019521411508321762,,0.8895891904830933,89368
89416,-110.16802535942665,35.44468859888499,,,-129.8761978693321,,187.0,,,,,,,,0.03225930407643318,,0.08796942234039307,,0.8669179081916809,,89416
89428,-110.44568173613223,35.44682225148734,,,-117.52064615071663,,216.0,,,,,,,,0.02305787056684494,,0.07479290664196014,,0.8484475612640381,,89428
89488,-110.88022621282636,35.38690508976049,,,-116.64311192515304,,179.0,,,,,,,,0.03162648156285286,,0.11228392273187637,,0.7984822988510132,,89488
89493,,,-126.89082296459281,111.297827621893,,-93.62770355602783,,190.0,-35.832106714813335,36.04933818610091,0.9567535332571878,,,,,0.017755085602402687,,0.06379654258489609,,0.8568088412284851,89493
89500,,,,,,,,,,,,46.76548767089844,52.731571197509766,2.068349838256836,,,,,,,89493
89514,-111.10546654176704,35.37731815212256,,,-115.11788051880387,,224.0,,,,,,,,0.018933935090899467,,0.06020544841885567,,0.8504624366760254,,89514
89545,,,-126.60976234874222,111.39457434601775,,-81.39617253239126,,164.0,-31.66578898197267,32.61413217753899,0.9260281930788103,,,,,0.01569298841059208,,0.05805249139666557,,0.8441528677940369,89545
89560,-110.78417443101495,35.2827702574833,,,-113.30922895104095,,183.0,,,,,,,,0.02586270496249199,,0.09528635442256927,,0.8523979783058167,,89560
89578,-111.0597936607157,35.25723083701421,,,-114.5442770973481,,205.0,,,,,,,,0.02403462678194046,,0.07365048676729202,,0.8500719666481018,,89578
89605,,,-125.47510488115853,111.65324465013444,,-72.2516513318065,,165.0,-21.882474806092002,22.019297049984786,0.9635745154536901,,,,,0.011893181130290031,,0.048679642379283905,,0.8029671311378479,89605
89625,,,-123.77390951572166,111.19712472551586,,-111.96964381145793,,225.0,14.50314723889033,17.806859045293596,0.4582645077890704,,,,,0.021673357114195824,,0.06885096430778503,,0.8633397817611694,89625
89629,-111.3922738496767,35.22909879224706,,,-116.55601932975021,,178.0,,,,,,,,0.0251292921602726,,0.07968518137931824,,0.8251546621322632,,89629
89630,-111.20487926859458,35.2166289873681,,,-108.95754843038142,,175.0,,,,,,,,0.02590525895357132,,0.08040870726108551,,0.8099214434623718,,89630
89644,,,-124.51865962934863,111.24303458768269,,-149.62116060646724,,321.0,-11.03856577178771,21.56231602460053,0.7965354453758571,,,,,0.02601601555943489,,0.08348473161458969,,0.8706514239311218,89644
89664,,,-123.135817126683,111.36736357079981,,-79.248917435605,,185.0,-57.131099964476924,59.13246755277788,0.8169090733449976,,,,,0.011943048797547817,,0.04642854258418083,,0.8790760040283203,89664
89668,-109.75633965784377,35.39436512776023,,,-69.93512665861155,,337.0,,,,,,,,0.05500652268528938,,0.15756189823150635,,0.8073464632034302,,89668
89676,,,-122.96672829011037,111.41724624981507,,-85.9623519726151,,176.0,-40.029158395799726,40.4520638327707,0.9768251310877495,,,,,0.01653483137488365,,0.06512146443128586,,0.8277907371520996,89676
89683,-109.43778560157384,35.37677297233022,,,-103.58738012602363,,180.0,,,,,,,,0.023785976693034172,,0.08862730115652084,,0.8335183262825012,,89683
89700,-109.28487488593912,35.30737754566329,,,-121.57784633447726,,207.0,,,,,,,,0.024692781269550323,,0.07675116509199142,,0.8459630608558655,,89700
89729,-108.91994308329446,35.16357297985232,,,-113.86396085314355,,200.0,,,,,,,,0.02258898690342903,,0.07451833039522171,,0.8220311403274536,,89729
89815,-108.9872600614106,35.15676266397815,,,-107.07944643319242,,212.0,,,,,,,,0.02672298438847065,,0.09429926425218582,,0.7906609177589417,,89815
89838,-105.32053545759118,41.03555191010985,-127.47398837876437,114.83571970569346,45.593055802536014,-323.7011868842753,214.0,480.0,-92.47530963954826,92.64898992118736,0.053383551092217985,,,,0.06507367640733719,0.033377889543771744,0.17910230159759521,0.09980043768882751,0.7643315196037292,0.9356818199157715,89838
89953,,,-129.19430863186574,114.96815640608045,,-180.1877366463297,,311.0,18.741704953445115,19.518471567960415,0.9059184841384658,,,,,0.01936936564743519,,0.06339842081069946,,0.8915949463844299,89951
89977,-105.71268315488804,41.026628457968,,,-114.38662554443762,,218.0,,,,,,,,0.021953342482447624,,0.07160791009664536,,0.8262653350830078,,89977
90001,,,-129.8928495741848,114.74941571350858,,-111.04029114201307,,232.0,-35.99140565816698,36.00015415251255,0.9438424709141059,46.84661102294922,42.18673324584961,2.064321517944336,,0.02218513935804367,,0.08996109664440155,,0.8258953094482422,90001
90113,,,-133.0257479924823,114.98065654672288,,-218.26000625535417,,325.0,12.23917089847418,16.765493530310117,0.6564152782573199,,,,,0.032805878669023514,,0.10520102083683014,,0.8494909405708313,90113
90124,-105.7359319784089,41.01655585864017,,,-88.53284123874641,,203.0,,,,,,,,0.011621646583080292,,0.03993094339966774,,0.8136101961135864,,90124
90203,-106.32446721091576,41.188888122823606,,,-132.77909630090866,,213.0,,,,,,,,0.029583266004920006,,0.0948270708322525,,0.843803882598877,,90203
90267,-106.77488864140597,41.25338908868955,,,-123.71313720444809,,203.0,,,,,,,,0.02179359458386898,,0.07669328153133392,,0.8566258549690247,,90267
90303,-106.95496434409318,41.27420828564628,,,-116.1374746188483,,179.0,,,,,,,,0.02484101615846157,,0.07487718760967255,,0.8283827304840088,,90303
90311,-107.17797030436817,41.29014570232988,,,-115.59190185507985,,188.0,,,,,,,,0.029732398688793182,,0.09472440183162689,,0.8289940357208252,,90311
90324,-106.58496381698217,41.07855328803365,,,-106.75141551354704,,227.0,,,,,,,,0.019194602966308594,,0.06258849799633026,,0.8001472353935242,,90324
90370,-106.52210831785219,41.04647087870391,,,-125.94108359088172,,212.0,,,,,,,,0.0274223443120718,,0.09426423162221909,,0.8134217262268066,,90370
90384,-106.21072890307258,40.94407505275394,,,-112.063058312588,,181.0,,,,,,,,0.02392505295574665,,0.07317780703306198,,0.8760525584220886,,90384
90440,-106.47404439681954,41.06718947439837,,,-132.09765397193507,,216.0,,,,,,,,0.02691098116338253,,0.0826401561498642,,0.801056981086731,,90440
90497,-107.47972446660958,41.17645171966929,,,-124.49192511334758,,229.0,,,,,,,,0.020802393555641174,,0.07207678258419037,,0.87189120054245,,90497
90501,,,,,,,,,,,,47.190101623535156,45.54695129394531,2.0670554637908936,,,,,,,90497
90506,-107.34317335695967,41.1740301480284,,,-104.72786513239855,,179.0,,,,,,,,0.024164633825421333,,0.09498828649520874,,0.8334996104240417,,90506
90508,-107.56578727434005,41.252700844419216,,,-127.58443500229221,,219.0,,,,,,,,0.02522125095129013,,0.08073295652866364,,0.8321390151977539,,90508
90521,-104.5385982902174,44.42163855513146,,,14.470560516315519,,240.0,,,,,,,,0.03697530925273895,,0.11315339058637619,,0.8781787157058716,,90521
90569,-104.83143751955971,44.43152304380272,,,-113.50557243394316,,176.0,,,,,,,,0.03777741640806198,,0.1330968588590622,,0.8109143376350403,,90569
90573,-104.81447934492988,44.42909550643636,,,-110.75913646981297,,166.0,,,,,,,,0.025823445990681648,,0.08393862098455429,,0.8254359364509583,,90573
90601,-104.35641919732825,44.425051283674186,,,-93.5261931547357,,188.0,,,,,,,,0.017653226852416992,,0.06331059336662292,,0.8222578763961792,,90601
90646,-104.40872762918286,44.44447435051367,,,-122.18971532603824,,196.0,,,,,,,,0.02849385142326355,,0.09723548591136932,,0.8681187629699707,,90646
90648,-103.90057177000875,44.34263054913073,,,-100.3480394696441,,217.0,,,,,,,,0.015075433999300003,,0.057488128542900085,,0.8265896439552307,,90648
90672,-103.55498559288836,44.20761122290702,,,-112.38626111850503,,182.0,,,,,,,,0.029306422919034958,,0.0955500528216362,,0.8213608264923096,,90672
90743,-103.46152016060337,44.21365386734677,,,-98.31335036720871,,175.0,,,,,,,,0.01773296296596527,,0.05496875196695328,,0.8162469863891602,,90743
90744,-103.17468187220598,44.01523842537303,,,-126.66255155925177,,230.0,,,,,,,,0.0198153555393219,,0.06601155549287796,,0.881961464881897,,90744
90760,-102.78626939094174,43.87651911970942,,,-108.96518393057721,,217.0,,,,,,,,0.017609622329473495,,0.05723407864570618,,0.8544861078262329,,90760
90764,-102.51369082635749,43.87982424833931,,,-95.30347488625814,,222.0,,,,,,,,0.016425680369138718,,0.04978206008672714,,0.8088176250457764,,90764
90833,-102.30998208212296,43.86492995270468,,,-100.52687487021737,,168.0,,,,,,,,0.02044093981385231,,0.0665929839015007,,0.8247804045677185,,90833
90840,-102.62019119012744,44.00721697399972,,,-130.37295608397608,,199.0,,,,,,,,0.03044676035642624,,0.09582141041755676,,0.828228771686554,,90840
90902,-105.54095769493104,41.12332953710116,,,-135.07191437020185,,216.0,,,,,,,,0.024993324652314186,,0.0782204270362854,,0.8562160134315491,,90902
90942,-108.53814284052235,47.03084620427455,,,-268.8460712541727,,480.0,,,,,,,,0.05264432728290558,,0.15157820284366608,,0.8256929516792297,,90942
90955,-108.16058039398284,46.987652504851646,,,-104.28822774851442,,208.0,,,,,,,,0.020365644246339798,,0.07319355756044388,,0.8463577628135681,,90955
90962,-111.86686670860048,38.55666102674062,,,-105.3735712303611,,202.0,,,,,,,,0.02307116985321045,,0.08210683614015579,,0.7964763641357422,,90962
90987,-111.14357447569154,38.492368489942386,,,-96.84731042866174,,176.0,,,,,,,,0.01926710456609726,,0.06040298938751221,,0.795156717300415,,90987
91000,,,,,,,,,,,,43.56783676147461,46.17319869995117,2.058889150619507,,,,,,,90987
91049,,,-132.97030110626048,115.00888425068972,,-73.06864901975567,,166.0,-41.469074331852326,41.469074331852326,0.9919889288774609,,,,,0.01385474018752575,,0.053615327924489975,,0.8762120604515076,91049
91099,-111.50015146346395,38.48725049450688,,,-119.68383847044718,,214.0,,,,,,,,0.02765142358839512,,0.0842139720916748,,0.7689808011054993,,91099
91119,-111.46912088477244,38.477765609116105,,,-122.47153272742409,,211.0,,,,,,,,0.024831512942910194,,0.0832766741514206,,0.8490157127380371,,91119
91121,-111.24333612364852,38.38544233017637,,,-121.42627363559221,,226.0,,,,,,,,0.027183538302779198,,0.07468538731336594,,0.7715075612068176,,91121
91167,,,-132.07821814867614,115.26225057924317,,-77.52177845124605,,137.0,-33.81822956913579,33.90942087486712,0.990926965192095,,,,,0.021375052630901337,,0.060955710709095,,0.782725989818573,91167
91181,-111.29480637948642,38.42145117005021,,,-139.42306469764955,,238.0,,,,,,,,0.021784935146570206,,0.07368146628141403,,0.8873965740203857,,91181
91187,-111.2368746706148,38.395565558406105,,,-126.97961242575121,,198.0,,,,,,,,0.029894495382905006,,0.09788130223751068,,0.8463544249534607,,91187
91205,-111.6398292453551,38.56474880710133,,,-137.66837488773234,,208.0,,,,,,,,0.026849156245589256,,0.09768656641244888,,0.856773316860199,,91205
91276,-111.32828911181308,38.58598462307214,,,-101.06610524805197,,196.0,,,,,,,,0.01711496151983738,,0.05765455961227417,,0.8428410291671753,,91276
91319,-111.0855092005842,38.59956344546804,,,-102.97888495735833,,183.0,,,,,,,,0.020519735291600227,,0.058973442763090134,,0.8069416880607605,,91319
91353,,,-131.03157775614397,115.69991707047564,,-57.098949090343716,,193.0,11.074669998235652,16.152626637658926,0.9298739514284995,,,,,0.00359991192817688,,0.028365695849061012,,0.9066938161849976,91352
91361,-110.74427084448143,38.653775991546595,,,-96.2473111459041,,195.0,,,,,,,,0.018580935895442963,,0.06348074972629547,,0.8300760388374329,,91361
91369,-110.97663184610907,38.71079868772628,,,-126.16232717872914,,230.0,,,,,,,,0.020378654822707176,,0.05818628892302513,,0.8731335997581482,,91369
91371,-113.76198150205717,43.70077216304318,,,-255.82350212715468,,480.0,,,,,,,,0.04095092788338661,,0.1208529844880104,,0.8396179676055908,,91371
91374,-114.12350142689705,43.73428663219539,,,-127.03354467237612,,235.0,,,,,,,,0.023266972973942757,,0.08219610154628754,,0.8577219843864441,,91374
91376,,,-132.61974716018392,115.3715730592973,,-147.64361069795945,,241.0,-22.349994872120902,22.716059978572165,0.9170670155887147,,,,,0.026478350162506104,,0.08919144421815872,,0.8845251798629761,91376
91408,-114.82023993323914,43.30010537544124,,,-104.77205197571544,,164.0,,,,,,,,0.026424840092658997,,0.07537489384412766,,0.7957171201705933,,91408
91434,-114.70741373099732,43.33656199091876,,,-97.94607001393271,,183.0,,,,,,,,0.017574727535247803,,0.05392207205295563,,0.842506468296051,,91434
91448,,,-132.0644067521616,115.4921511787801,,-93.3954583240131,,139.0,-5.934124672155586,21.128475278401545,0.9359872639672323,,,,,0.027333825826644897,,0.0902143269777298,,0.8433518409729004,91448
91459,-114.23765378365357,43.38681531381344,,,-98.08984896729052,,198.0,,,,,,,,0.021315550431609154,,0.07739411294460297,,0.8111984729766846,,91459
91487,,,-131.74230218228814,115.59797379728862,,-85.89014539550409,,201.0,-61.93484726088557,61.93484726088557,0.9582563939577238,,,,,0.012686016969382763,,0.043218135833740234,,0.8720371127128601,91485
91491,-114.15488151349746,43.39139680957493,,,-109.72534734533646,,168.0,,,,,,,,0.03143356367945671,,0.11093124747276306,,0.7969460487365723,,91491
91497,,,-132.02568231450942,115.51931695746288,,-106.89328340452191,,216.0,-37.90071545789639,37.90071545789639,0.8421416810957649,,,,,0.02054491639137268,,0.07007473707199097,,0.8653046488761902,91497
91500,,,,,,,,,,,,46.07194519042969,46.47478485107422,2.071399211883545,,,,,,,91497
91511,-114.70650198534864,43.47318000232087,,,-134.66047002575345,,213.0,,,,,,,,0.026821263134479523,,0.08552868664264679,,0.8645527958869934,,91511
91523,,,-127.84286141677423,113.59005559592875,,-78.20032440828598,,242.0,55.16861910292925,58.1763540636902,0.2204230601455406,,,,,0.010088805109262466,,0.05195498839020729,,0.8833609819412231,91523
91560,-118.10992375614373,36.96436226437761,,,-124.57803273721831,,183.0,,,,,,,,0.03335513547062874,,0.10484916716814041,,0.7996024489402771,,91560
91632,,,-116.86813064265951,77.05560374840499,,-165.3132187496167,,282.0,-26.309241059824085,33.432892006339756,0.8538541907226244,,,,,0.02752922847867012,,0.09131982177495956,,0.8648849129676819,91632
91648,-118.06739432567713,36.969844549136006,,,-112.2601540211061,,205.0,,,,,,,,0.025727281346917152,,0.08081632852554321,,0.7987168431282043,,91648
91671,-116.99512882540033,38.55444309701291,,,-34.91956622490737,,283.0,,,,,,,,0.05629628151655197,,0.15139572322368622,,0.824248194694519,,91671
91687,-116.53677505940306,38.50026131361502,,,-109.86140800104457,,194.0,,,,,,,,0.023204002529382706,,0.08889515697956085,,0.8497925996780396,,91687
91692,,,-117.37152423930324,76.87027794880632,,-101.37053945531235,,208.0,-48.451705691333004,48.45454678684473,0.9024496670754261,,,,,0.018612395972013474,,0.06592241674661636,,0.893413245677948,91692
91694,,,-117.72215636214169,76.84889738677255,,-121.62596159045248,,339.0,-69.06549779837813,69.06753178033154,0.8679720023304383,,,,,0.016687551513314247,,0.05893682315945625,,0.8769190907478333,91694
91706,,,-117.53764859865011,76.92950457182462,,-79.42609041217355,,155.0,-14.127355027198792,18.363192079144138,0.8962944371409302,,,,,0.015693513676524162,,0.051331114023923874,,0.845753014087677,91706
91746,-116.44443881571866,38.4884738289536,,,-119.09632502022889,,225.0,,,,,,,,0.02256142720580101,,0.06660648435354233,,0.8012276291847229,,91746
91760,-116.01296488695758,38.61022959769725,,,-94.56377818079417,,185.0,,,,,,,,0.014477540738880634,,0.042558927088975906,,0.817061722278595,,91760
91765,-116.42772615302155,38.714724160169744,,,-136.32996515827878,,194.0,,,,,,,,0.031506747007369995,,0.09862722456455231,,0.8479684591293335,,91765
91779,-116.4437074641322,38.7108912484523,,,-107.55048106908039,,205.0,,,,,,,,0.01896876096725464,,0.06097469478845596,,0.8467208743095398,,91779
91827,,,-117.18676217214471,77.00049168092923,,-93.01941472248873,,208.0,-41.75515204696701,41.75515204696701,0.9552315858298854,,,,,0.014221793040633202,,0.04981633648276329,,0.841585636138916,91826
91834,,,-116.74707492803559,77.2327831739922,,-65.23318970399542,,199.0,7.708026975243535,21.280933871940153,0.9318167344139158,,,,,0.004866546951234341,,0.019491249695420265,,0.8387648463249207,91834
91852,-115.9858013213522,38.73124722050953,,,-103.04577645188074,,196.0,,,,,,,,0.022221669554710388,,0.08587450534105301,,0.8049246072769165,,91852
91875,-115.81513580909179,38.7669404813305,,,-103.52978269956633,,193.0,,,,,,,,0.02517605759203434,,0.07590202987194061,,0.7866909503936768,,91875
91883,-115.48792238529514,38.6971099678226,,,-115.73698278210226,,191.0,,,,,,,,0.023667406290769577,,0.09041848033666611,,0.8695399165153503,,91883
91899,,,-118.18856270129942,76.98380639546387,,-140.1867074419801,,234.0,-43.52779439269987,43.65983793572483,0.9473300700675809,,,,,0.03156548738479614,,0.10506746172904968,,0.8389589190483093,91898
91920,-115.42232071809912,38.68345991327812,,,-121.86555362274534,,168.0,,,,,,,,0.02799980901181698,,0.0832773745059967,,0.8747349381446838,,91920
91954,,,-118.21342433858989,76.9702088357118,,-76.7215477649439,,178.0,-41.20283554845982,44.49057733945632,0.9270824663965017,,,,,0.009588683024048805,,0.028697261586785316,,0.8411762714385986,91954
91959,,,-118.53237920933856,76.91011941634586,,-111.85165146662887,,219.0,-41.54195096966338,41.787943401020954,0.9789958405732284,,,,,0.018556950613856316,,0.05711650848388672,,0.8603762984275818,91959
91983,-115.28823864894183,38.66340453551517,,,-117.78782165548316,,176.0,,,,,,,,0.021996863186359406,,0.06785185635089874,,0.9022539854049683,,91983
91996,,,-119.06312503807985,76.82639284116995,,-119.94022467820538,,431.0,-18.711982913470877,38.361981754789774,0.4132184124435401,,,,,0.013562592677772045,,0.05621098354458809,,0.8655301332473755,91994
91997,,,-118.7846959538802,76.96555286435395,,-73.53025388684638,,160.0,-44.608272400870916,44.63762582503259,0.9119318416837888,,,,,0.015378070063889027,,0.05178726837038994,,0.8150364756584167,91997
92000,,,,,,,,,,,,44.493873596191406,43.03676986694336,2.0712649822235107,,,,,,,91997
92016,-115.45717132627148,38.635336677158804,,,-113.17449899888078,,184.0,,,,,,,,0.022698430344462395,,0.07294722646474838,,0.8421348333358765,,92016
92026,-115.1197148118643,38.601610846637925,,,-110.71160928193324,,192.0,,,,,,,,0.025236468762159348,,0.07425615191459656,,0.7835342288017273,,92026
92060,-117.63432625577968,33.884897022333455,,,-111.26001167945327,,177.0,,,,,,,,0.025313474237918854,,0.08278322219848633,,0.82907634973526,,92060
92137,,,-118.2963663193633,77.19371955393773,,-70.31767189904086,,205.0,-28.334638033262113,30.85858043984669,0.9080992987531976,,,,,0.005707821808755398,,0.019130174070596695,,0.8930666446685791,92137
92138,,,-118.83113011898111,76.95422911789949,,-97.41577280563433,,187.0,6.459450892586122,23.503179603719456,0.8308951058764475,,,,,0.021592775359749794,,0.07466105371713638,,0.8758264780044556,92138
92209,,,-117.87868390805535,77.00323715713813,,-90.58281753656385,,171.0,50.47402445998108,51.52985623531174,0.7224000842417064,,,,,0.00906890444457531,,0.03803079202771187,,0.9851288199424744,92208
92218,-117.73398587796834,33.8799347121065,,,-118.48855354337573,,230.0,,,,,,,,0.024485478177666664,,0.08917323499917984,,0.8342727422714233,,92218
92241,-117.32823007316419,34.081921868493076,,,-90.47134622960583,,163.0,,,,,,,,0.024754317477345467,,0.07964745908975601,,0.791374683380127,,92241
92297,-117.56559795836644,33.95642136694831,,,-105.39458741484809,,185.0,,,,,,,,0.02134423516690731,,0.06218757852911949,,0.815492570400238,,92297
92305,,,-121.9251528179068,80.30370939869968,,-285.21676103666226,,326.0,41.86210661578032,41.96345825429343,0.8981137626657679,,,,,0.031181158497929573,,0.09059986472129822,,0.9347373247146606,92305
92374,-117.51375055256635,33.95130004272897,,,-119.59734503603366,,210.0,,,,,,,,0.01466045156121254,,0.04611992463469505,,0.9072557091712952,,92374
92423,-117.77405925184088,33.86848501291657,,,-113.36347443337111,,199.0,,,,,,,,0.02163029834628105,,0.06805052608251572,,0.8749197721481323,,92423
92446,-118.04501976733441,33.87848987776545,,,-125.93428689318169,,164.0,,,,,,,,0.039579808712005615,,0.12027245759963989,,0.8046209812164307,,92446
92458,-118.53728502649095,33.76684135182647,,,-122.9266133250362,,243.0,,,,,,,,0.02153746969997883,,0.07315659523010254,,0.8498371243476868,,92458
92478,-118.20916479512573,33.76600254154286,,,-110.25653999098995,,191.0,,,,,,,,0.01581532135605812,,0.05317284166812897,,0.8517554402351379,,92478
92491,-117.99527661562934,33.857627554591005,,,-98.27077495575774,,178.0,,,,,,,,0.017041532322764397,,0.057999271899461746,,0.8537335395812988,,92491
92500,,,,,,,,,,,,50.95906066894531,42.90678024291992,2.066795825958252,,,,,,,92491
92639,-118.15994556875589,33.76676399207962,,,-103.53692254258527,,179.0,,,,,,,,0.01826588436961174,,0.05897887796163559,,0.8655219078063965,,92639
92710,-118.64052756840127,33.68327584432955,-123.18113526185596,79.82254955737903,-124.5559748524864,-123.28096855432975,231.0,254.0,13.910855358979834,14.241758960438526,0.9473815401104791,,,,0.018576672300696373,0.02268882840871811,0.0572933703660965,0.072321817278862,0.8070699572563171,0.7985234260559082,92710
92723,-119.00839857154662,33.90908781982656,,,-148.766506241244,,219.0,,,,,,,,0.03382984548807144,,0.11214015632867813,,0.8284998536109924,,92723
92746,-118.50532738343091,33.853581837254914,,,-109.91835496441549,,210.0,,,,,,,,0.017517756670713425,,0.05218832939863205,,0.820823073387146,,92746
92763,-115.65323384579057,26.212224532862272,,,-126.24139437215607,,196.0,,,,,,,,0.038250818848609924,,0.1330975741147995,,0.7994093298912048,,92763
92799,-115.60111452223686,26.237349191403297,,,-101.68226157082947,,170.0,,,,,,,,0.023255934938788414,,0.08814141899347305,,0.821374237537384,,92799
92821,-116.2075187588898,26.34412686424514,,,-135.69378306300746,,190.0,,,,,,,,0.03478865325450897,,0.11482709646224976,,0.8286454081535339,,92821
92832,-116.60275877253474,26.198543489689314,,,-116.60931111090946,,214.0,,,,,,,,0.02141953445971012,,0.08187638968229294,,0.8531914949417114,,92832
92838,-116.41339303580985,26.209805204490905,,,-110.21555163420253,,194.0,,,,,,,,0.019065814092755318,,0.07696782797574997,,0.8304622173309326,,92838
92868,-116.53427644754868,26.251372787136884,,,-128.51570331436463,,199.0,,,,,,,,0.032435182482004166,,0.10035831481218338,,0.8231686949729919,,92868
92892,-116.44126126456928,26.242112197211558,,,-116.7755144866223,,200.0,,,,,,,,0.019814038649201393,,0.06759590655565262,,0.8825181722640991,,92892
92898,-115.36808671248743,26.377167336599054,,,-85.76433709355786,,200.0,,,,,,,,0.010810933075845242,,0.04199064150452614,,0.8205289840698242,,92898
92939,-115.23405317896655,26.33481675422122,,,-120.2779357497084,,204.0,,,,,,,,0.01994498446583748,,0.06254203617572784,,0.8473650217056274,,92939
92968,-115.28798921788766,26.383425783899742,,,-140.36517683378713,,199.0,,,,,,,,0.03431457281112671,,0.10196594893932343,,0.8265549540519714,,92968
93000,,,,,,,,,,,,38.611183166503906,48.1787223815918,2.0725045204162598,,,,,,,92968
93002,-115.36386326012274,26.3478480921789,,,-104.859807359807,,191.0,,,,,,,,0.019554896280169487,,0.06235504522919655,,0.8263497352600098,,93002
93020,-115.2750075968846,26.3969112042808,,,-98.53610179545024,,155.0,,,,,,,,0.025479111820459366,,0.08765421062707901,,0.8030791282653809,,93020
93092,-116.0085641866382,26.367561418075148,,,-132.92514063358433,,184.0,,,,,,,,0.029282238334417343,,0.0933774933218956,,0.883350133895874,,93092
93126,-115.91003383092874,26.338623553556857,,,-121.2358093932566,,354.0,,,,,,,,0.03170885890722275,,0.09563257545232773,,0.908418595790863,,93126
93182,,,-129.49062751881402,88.52001839811528,,-400.10108512629137,,480.0,-73.74766929131002,73.93589770775289,0.7274640626476503,,,,,0.04385849088430405,,0.13059836626052856,,0.8774388432502747,93178
93203,-113.71606424722546,17.76662396989974,,,-146.12502294199038,,210.0,,,,,,,,0.030439086258411407,,0.09808871150016785,,0.8602198958396912,,93203
93286,,,-135.16679033905217,94.57039901472221,,-371.813376370144,,477.0,-31.076926534780668,31.159139622682297,0.8554671445226814,,,,,0.037189558148384094,,0.10739143192768097,,0.8888137340545654,93286
93314,,,-148.18980838607274,125.2517083587907,,-726.1964185371736,,480.0,37.70140010515849,44.8789510567983,0.43976029868364863,,,,,0.019124556332826614,,0.07363687455654144,,0.91708904504776,93310
93329,-113.0829682729431,17.84461139723405,,,-95.37874595825893,,183.0,,,,,,,,0.017723454162478447,,0.06588828563690186,,0.8416739702224731,,93329
93347,-113.50966570926786,17.895785173312788,,,-126.10692379195318,,205.0,,,,,,,,0.03546392545104027,,0.11667855083942413,,0.7847897410392761,,93347
93390,-113.790104324134,17.759040107781246,,,-111.96800075724073,,187.0,,,,,,,,0.01975812390446663,,0.06128216162323952,,0.8964329957962036,,93390
93439,-113.92168115817918,17.66635889090576,,,-104.66869066954801,,196.0,,,,,,,,0.020268816500902176,,0.06810754537582397,,0.8134586215019226,,93439
93442,-113.63162404866299,17.85096951392795,,,-95.22249186952676,,196.0,,,,,,,,0.01400101650506258,,0.05543038249015808,,0.8968770503997803,,93442
93458,-113.68441235990562,17.9168582849951,,,-137.29988558788486,,206.0,,,,,,,,0.0315631739795208,,0.10127483308315277,,0.8369072675704956,,93458
93492,-113.07420267164056,18.054485944898484,,,-94.06754832396456,,181.0,,,,,,,,0.017516596242785454,,0.054905444383621216,,0.8333957195281982,,93492
93500,,,,,,,,,,,,49.54360580444336,55.2946662902832,2.076137065887451,,,,,,,93492
93559,-113.55303021243884,18.341739279174302,,,-136.20153106102038,,195.0,,,,,,,,0.03181973844766617,,0.11091349273920059,,0.8763880729675293,,93559
93576,-115.41645530981246,14.611966356113628,,,-128.09082109358937,,175.0,,,,,,,,0.039544254541397095,,0.14083153009414673,,0.8064512610435486,,93576
93582,-115.84926538136575,14.76075551215712,,,-131.5019115787081,,188.0,,,,,,,,0.026956120505928993,,0.09772178530693054,,0.8560296297073364,,93582
93591,-115.41042989520736,14.982199635265383,,,-97.15455071231032,,172.0,,,,,,,,0.019668063148856163,,0.05712893605232239,,0.795251727104187,,93591
93633,-116.9873156153225,16.750002723893807,,,-173.40806418655058,,480.0,,,,,,,,0.047049734741449356,,0.13453447818756104,,0.814827024936676,,93633
93645,-116.81996559466556,16.59701482467803,,,-127.96246412543091,,192.0,,,,,,,,0.0319276861846447,,0.10733600705862045,,0.8187451362609863,,93645
93691,-117.07058463070003,16.5496938853208,,,-120.08143287080436,,209.0,,,,,,,,0.022196879610419273,,0.08742714673280716,,0.8468751907348633,,93691
93713,,,-157.90667741216714,137.720774046864,,-564.6982465835335,,480.0,-10.953485817462205,51.65370204721888,-0.5951001645003071,,,,,0.044029854238033295,,0.13260486721992493,,0.8901618123054504,93709
93726,-117.79424377199908,16.42432786272429,,,-130.3907024147626,,198.0,,,,,,,,0.030474890023469925,,0.10992035269737244,,0.8394591808319092,,93726
93749,-117.45834180781173,16.487483954162744,,,-113.65477685350046,,174.0,,,,,,,,0.03548123687505722,,0.11360272020101547,,0.7862650156021118,,93749
93776,-117.30577469964811,16.518993642647732,,,-110.15946624730267,,199.0,,,,,,,,0.027581552043557167,,0.1067584976553917,,0.8163567185401917,,93776
93785,-117.22151388517567,16.55056659557227,,,-108.96145827525726,,168.0,,,,,,,,0.018682800233364105,,0.06285081058740616,,0.870265781879425,,93785
93856,-117.0712293038594,16.64285487900366,,,-103.19738021611973,,216.0,,,,,,,,0.015691714361310005,,0.05231984332203865,,0.8345580101013184,,93856
93884,-117.10305195458606,16.633231291601877,,,-112.85114421578724,,171.0,,,,,,,,0.02877364121377468,,0.09261476248502731,,0.8728789687156677,,93884
93902,-117.54615203588905,16.956201265427506,,,-140.64355760852536,,237.0,,,,,,,,0.024742668494582176,,0.08684876561164856,,0.8656398057937622,,93902
93937,-117.91811542639043,16.557492855312763,,,-109.06951575467419,,208.0,,,,,,,,0.021975431591272354,,0.06924204528331757,,0.8222785592079163,,93937
93982,,,-157.6331799169274,137.87992624459656,,-70.74444950722284,,206.0,27.775835306609718,33.777907205727494,0.35998543292855134,,,,,0.008373916149139404,,0.06752977520227432,,0.9084603786468506,93981
93998,-118.00750677636128,16.501609902129715,,,-109.86415491338951,,199.0,,,,,,,,0.022892098873853683,,0.08988847583532333,,0.8235359787940979,,93998
94000,,,,,,,,,,,,43.41652297973633,42.263427734375,2.0762534141540527,,,,,,,93998
94028,-118.18892003457607,16.567817978902898,,,-128.6680079467731,,213.0,,,,,,,,0.028638919815421104,,0.09943147003650665,,0.8151836395263672,,94028
94054,-118.33018222461097,16.556179567320367,,,-120.42658393511675,,192.0,,,,,,,,0.02999388426542282,,0.10049600899219513,,0.8078306913375854,,94054
94069,-118.24539641657275,16.52785178348604,,,-121.69499649127145,,223.0,,,,,,,,0.022864311933517456,,0.07857932895421982,,0.8306605219841003,,94069
94076,-118.17666874529705,16.5153830549074,,,-119.49022976125056,,202.0,,,,,,,,0.027811838313937187,,0.08954976499080658,,0.8058515191078186,,94076
94084,,,-157.7013038674134,137.84559429406272,,-89.89261024882225,,146.0,-33.89595308981529,33.89595308981529,0.9622153537777545,,,,,0.026620715856552124,,0.09131206572055817,,0.8100172877311707,94084
94092,-118.2696156821332,16.483594618786732,,,-114.90388683279701,,184.0,,,,,,,,0.025441298261284828,,0.08734101057052612,,0.8308256268501282,,94092
94105,-118.61761472702115,16.239575118829567,,,-115.67072720015595,,202.0,,,,,,,,0.027266643941402435,,0.089126355946064,,0.8114016056060791,,94105
94143,-118.41711109768283,16.484573110500907,,,-93.51174107566908,,208.0,,,,,,,,0.01625951938331127,,0.06693850457668304,,0.8330168724060059,,94143
94169,-118.35746065214371,16.467638850979558,,,-121.57345257553014,,204.0,,,,,,,,0.029746903106570244,,0.09182196855545044,,0.7929097414016724,,94169
94206,,,-157.38698574137604,138.0451972193327,,-62.08607495738763,,228.0,32.83439410726229,40.386439695170054,0.6047158024652277,,,,,0.0037883431650698185,,0.02566882222890854,,0.9050038456916809,94206
94208,-117.63862960545956,15.899194407186416,,,-112.82495390703667,,480.0,,,,,,,,0.020270977169275284,,0.062319785356521606,,0.9143787622451782,,94208
94233,,,-157.77136816760566,137.9964834872677,,-149.69701640354168,,264.0,49.89165593841762,53.1434081560283,0.1955344941412256,,,,,0.03523518145084381,,0.12948951125144958,,0.8555178046226501,94233
94272,,,-157.32395162050005,138.1366696227108,,-103.10273798786905,,200.0,-32.440469130277634,33.308432594537734,0.973700628382539,,,,,0.018248697742819786,,0.05344298109412193,,0.8015016317367554,94272
94286,,,-156.4273744631612,138.45336707622943,,-85.6113612479058,,160.0,-23.392057164758445,25.481276217848063,0.8975880703984501,,,,,0.02060718648135662,,0.07186876982450485,,0.8374661803245544,94286
94361,-117.34060881192539,16.1783185412674,,,-95.01731528770773,,202.0,,,,,,,,0.01701572723686695,,0.05300922319293022,,0.8116344213485718,,94361
94373,-116.94445085537117,16.198020619344206,,,-106.43349654444367,,185.0,,,,,,,,0.01785697229206562,,0.07565248012542725,,0.8338038921356201,,94373
94393,-116.6121878182184,16.67115869645251,,,-85.06910971319235,,185.0,,,,,,,,0.011530693620443344,,0.033783864229917526,,0.8218321204185486,,94393
94394,-116.30563843403621,16.45701319989377,,,-120.36631385389764,,213.0,,,,,,,,0.021348819136619568,,0.07371821999549866,,0.8324756622314453,,94394
94433,-116.1838784882634,16.476825600202105,,,-110.52131382226892,,201.0,,,,,,,,0.02237102948129177,,0.07131567597389221,,0.8283790349960327,,94433
94491,,,-155.1719109529751,138.90633608626953,,-74.37761021639108,,245.0,6.721169702860774,11.958492264942247,0.8872012562404301,,,,,0.01037350669503212,,0.03916272893548012,,0.8319222331047058,94491
94495,,,-154.09159132644004,139.06727420983773,,-106.9185218859607,,184.0,-16.481418302201707,21.957601253429186,0.9791507337780676,,,,,0.02290971763432026,,0.07911042869091034,,0.8096059560775757,94495
94500,,,,,,,,,,,,44.074283599853516,36.62013626098633,2.067711591720581,,,,,,,94495
94505,,,-151.1238921457823,138.30543070646343,,-114.01769029443784,,188.0,-4.3535218508319655,18.159998410242668,0.9320965607464293,,,,,0.01953602395951748,,0.07180174440145493,,0.9094594120979309,94505
94509,,,-141.73623540880016,128.098156396041,,-56.57002164941546,,180.0,-43.07634523709615,52.32327573034498,0.8790506265350516,,,,,0.004105365369468927,,0.012868386693298817,,0.8221305012702942,94507
94559,,,-141.739584025867,128.09625641417577,,-69.14016760640638,,251.0,3.347288692140009,24.52357826954815,0.7632499469004237,,,,,0.006852368358522654,,0.04650837928056717,,0.8956056237220764,94558
94605,,,-143.15475471863797,127.94768679929484,,-164.38623819457555,,312.0,-50.318680555201496,51.09401464328552,0.9106496263723527,,,,,0.03240256756544113,,0.10687610507011414,,0.8253941535949707,94605
94608,,,-143.0450414472344,128.0029368513177,,-75.91050896221303,,186.0,-18.82542371141013,29.346947670944274,0.8139844854386278,,,,,0.01227665226906538,,0.03984560817480087,,0.8585311770439148,94608
94619,,,-144.69783881438693,127.61109984119607,,-154.89151968943187,,246.0,-4.176508157718472,11.514563810050003,0.7901390889173696,,,,,0.02517613209784031,,0.08388366550207138,,0.9286522269248962,94619
94624,-117.83944020319652,19.647576440404936,,,-192.9936373808579,,475.0,,,,,,,,0.04539445415139198,,0.12559963762760162,,0.8567782640457153,,94624
94656,-117.03835472209921,20.009178411251973,,,-88.46142925949955,,213.0,,,,,,,,0.013082833960652351,,0.0419146828353405,,0.7960250377655029,,94656
94661,-116.8649842185252,20.04822105388023,,,-108.10698930792081,,217.0,,,,,,,,0.019598839804530144,,0.06911271810531616,,0.8512812852859497,,94661
94678,-117.2508087559752,19.62718904870742,,,-105.05556396605857,,184.0,,,,,,,,0.01983078196644783,,0.062198955565690994,,0.7974264025688171,,94678
94682,,,-144.00254505925133,127.88194735292039,,-77.20495605467801,,289.0,-34.99288633847319,36.91125343435776,0.6725360233528037,,,,,0.006391844246536493,,0.022752244025468826,,0.913341760635376,94678
94687,-117.41762125479319,19.687558743230767,,,-128.61856069060877,,231.0,,,,,,,,0.030887309461832047,,0.09913105517625809,,0.7837675213813782,,94687
94735,-115.18311630832635,23.01531494028368,,,-28.63992951044558,,316.0,,,,,,,,0.053257547318935394,,0.14574052393436432,,0.7896013259887695,,94735
94767,,,-148.77143019989214,132.36975686277393,,-388.06541763850663,,480.0,-51.61997838417689,53.09546374082565,0.3406729578107187,,,,,0.04123958200216293,,0.12327361851930618,,0.8996306657791138,94765
94796,-115.2584904848685,22.987537537458348,,,-108.62851618691384,,185.0,,,,,,,,0.017415668815374374,,0.05697840079665184,,0.8612562417984009,,94796
94802,-116.08642732862297,23.11547555336061,,,-139.93294398317423,,480.0,,,,,,,,0.04243971034884453,,0.1369187980890274,,0.8060303926467896,,94802
94815,,,-149.3157549423043,132.13850712808986,,-106.46515455621362,,269.0,23.216884847024115,23.239504838964752,0.8688138985831514,,,,,0.011383283883333206,,0.038702983409166336,,0.889735221862793,94815
94817,-115.72722837265344,22.990225840310874,,,-114.96519283510716,,190.0,,,,,,,,0.020017487928271294,,0.05783689022064209,,0.8222100138664246,,94817
94818,,,-150.82506902325807,131.83689969214453,,-161.42805602030313,,367.0,-68.28088521291515,69.3907187668764,0.8982204486907104,,,,,0.025899749249219894,,0.09881962090730667,,0.8252829313278198,94818
94870,-115.7892512003669,23.00917848290964,,,-124.33695077892992,,203.0,,,,,,,,0.02795669436454773,,0.1014738380908966,,0.810097873210907,,94870
94927,-115.44418876763268,22.6786498740128,,,-128.871901305279,,198.0,,,,,,,,0.028366273269057274,,0.08000251650810242,,0.8390045762062073,,94927
94990,,,-146.62551649071477,129.58834544619955,,-113.72356025711173,,224.0,-35.82799196935126,35.82799196935126,0.8082142808696297,,,,,0.023712536320090294,,0.08243149518966675,,0.8610105514526367,94990
95000,,,,,,,,,,,,57.36759567260742,54.71339797973633,2.0654165744781494,,,,,,,94990
95058,,,-145.04337761192073,129.65181871808684,,-101.08079270662815,,183.0,50.141786350578556,52.7366981864627,0.40517831337656635,,,,,0.024480678141117096,,0.08678745478391647,,0.8871237635612488,95057
95088,-116.00036892682314,22.520182944651026,,,-123.18775391778212,,203.0,,,,,,,,0.023637620732188225,,0.08310485631227493,,0.8696784973144531,,95088
95112,-115.88517524844082,22.482891873435676,,,-120.34723987283664,,186.0,,,,,,,,0.024512922391295433,,0.07757943868637085,,0.8701258301734924,,95112
95124,-115.78895935023114,22.50972752769735,,,-107.15720584675763,,162.0,,,,,,,,0.020889701321721077,,0.07021916657686234,,0.8411775827407837,,95124
95178,,,-144.59060384699035,129.80920887169898,,-88.40160289549385,,208.0,42.36031795035188,43.86916360975458,0.5183027387891518,,,,,0.013654260896146297,,0.04621421918272972,,0.8316403031349182,95178
95278,-115.9703449378068,22.455864629791353,,,-113.737970048331,,208.0,,,,,,,,0.02265499345958233,,0.07698389142751694,,0.8356277942657471,,95278
95289,-116.27699691326242,22.274399032977367,,,-110.55509064230783,,181.0,,,,,,,,0.025787251070141792,,0.0768866315484047,,0.7977156043052673,,95289
95301,-116.13283487333383,22.160907004031102,,,-130.091783591455,,212.0,,,,,,,,0.026483619585633278,,0.08945130556821823,,0.8180206418037415,,95301
95324,-116.73687906855479,21.96195762741732,,,-124.26975808501145,,166.0,,,,,,,,0.02343403361737728,,0.07418781518936157,,0.9097396731376648,,95324
95335,-116.19505407786397,21.80871052505298,,,-109.1102815264794,,160.0,,,,,,,,0.02801956981420517,,0.08545108884572983,,0.8174813985824585,,95335
95428,-116.0471430913521,21.752536193118925,,,-120.69527176799575,,223.0,,,,,,,,0.025317665189504623,,0.08095522969961166,,0.7863807678222656,,95428
95430,-115.5808805335171,21.66595275843476,,,-108.1887836869591,,193.0,,,,,,,,0.016220903024077415,,0.05115663632750511,,0.833788275718689,,95430
95482,-115.79245147755817,21.536246374275997,,,-107.73309791436355,,198.0,,,,,,,,0.020411789417266846,,0.07730674743652344,,0.8807994723320007,,95482
95500,,,,,,,,,,,,35.994041442871094,35.99190139770508,2.0724613666534424,,,,,,,95482
95503,-114.33224665776248,20.0006606095695,,,-100.39782319676556,,220.0,,,,,,,,0.012897012755274773,,0.04312865063548088,,0.8417221903800964,,95503
95511,-114.19206744926537,19.9290727064987,,,-120.95350370057557,,210.0,,,,,,,,0.025683386251330376,,0.07988546043634415,,0.8147451281547546,,95511
95524,,,-146.23695483837105,131.2471531235227,,-300.5775558243876,,480.0,-71.45447287845114,71.45447287845114,0.7900883265308251,,,,,0.029397785663604736,,0.09639859199523926,,0.902096688747406,95522
95574,-113.93551890739711,19.93417074474037,,,-107.25400577739175,,205.0,,,,,,,,0.018114611506462097,,0.06088937073945999,,0.8520764112472534,,95574
95582,-114.23186772225087,20.018623742989767,,,-127.18525454432314,,214.0,,,,,,,,0.027040602639317513,,0.08399934321641922,,0.8310375213623047,,95582
95594,-113.83232068569993,19.891081454229422,,,-110.41335058721619,,200.0,,,,,,,,0.021526118740439415,,0.06954098492860794,,0.801459014415741,,95594
95630,-113.90897919453191,19.87256817301277,,,-110.98558678358158,,185.0,,,,,,,,0.018136417493224144,,0.06449607014656067,,0.8578047752380371,,95630
95639,-114.1492336641457,19.940541807887335,,,-125.6675003341898,,208.0,,,,,,,,0.02781766653060913,,0.09635874629020691,,0.8188647627830505,,95639
95640,-114.06888898494502,19.964534276180924,,,-106.14223228726833,,216.0,,,,,,,,0.017944397404789925,,0.05628505349159241,,0.8347113728523254,,95640
95651,-113.87099406991614,20.06297723344526,,,-99.06671252381236,,198.0,,,,,,,,0.0158616304397583,,0.05970626324415207,,0.8254500031471252,,95651
95653,-113.76481825725783,20.133107226061416,,,-97.8885895832057,,190.0,,,,,,,,0.01776229590177536,,0.06293579936027527,,0.8137415647506714,,95653
95694,-113.43832068621582,20.277131548065075,,,-96.52626566368589,,175.0,,,,,,,,0.02007209323346615,,0.06890306621789932,,0.8716243505477905,,95694
95705,-112.58037798057474,20.013700639662908,,,-97.74642232647281,,182.0,,,,,,,,0.01922462321817875,,0.06846770644187927,,0.8121404051780701,,95705
95737,-112.63887386181582,20.00762699503341,,,-111.99430981672799,,187.0,,,,,,,,0.01989957131445408,,0.06750406324863434,,0.8491777181625366,,95737
95781,-112.90117829699375,20.055444971834632,,,-122.97937667228545,,230.0,,,,,,,,0.025495057925581932,,0.08663798868656158,,0.85174959897995,,95781
95853,-112.65151004469695,19.934951642441614,,,-116.1845953319339,,156.0,,,,,,,,0.027792425826191902,,0.0982278436422348,,0.8553696274757385,,95853
95935,-112.48504062550236,19.90405898870483,,,-112.10311297538634,,193.0,,,,,,,,0.025580117478966713,,0.0901997983455658,,0.8392288088798523,,95935
95951,-112.23973234236881,19.864582523638116,,,-109.42958233459407,,196.0,,,,,,,,0.018595201894640923,,0.05612732470035553,,0.7957824468612671,,95951
95957,-112.07069305667179,19.8381082957649,,,-111.03826547640003,,204.0,,,,,,,,0.016596615314483643,,0.053618788719177246,,0.882329523563385,,95957
95962,-112.2357776590943,19.895259924480094,,,-123.15811695392154,,208.0,,,,,,,,0.02016637474298477,,0.06551151722669601,,0.8999127149581909,,95962
96001,,,,,,,,,,,,50.13153839111328,45.03652572631836,2.073207378387451,,,,,,,95962
96039,-112.2712281125799,19.9029266314894,,,-117.44324987443716,,196.0,,,,,,,,0.022452466189861298,,0.08220827579498291,,0.8819700479507446,,96039
96044,,,-146.63410461941612,131.0550507200674,,-92.92613807201025,,216.0,-35.39213136611161,36.466120329168106,0.9459517066405514,,,,,0.013260380364954472,,0.038161955773830414,,0.8796865344047546,96044
96086,-112.65600024695829,19.721680023230505,,,-112.75034779458773,,179.0,,,,,,,,0.032296642661094666,,0.11229725927114487,,0.780079185962677,,96086
96116,-109.94136519571332,26.488154621108205,,,14.158299986718365,,250.0,,,,,,,,0.05261179804801941,,0.1549912691116333,,0.838087797164917,,96116
96163,-110.1186296892475,26.536472323001252,,,-121.68817858374547,,206.0,,,,,,,,0.022356845438480377,,0.07327432930469513,,0.8731727600097656,,96163
96196,-110.41318205261113,26.44880718102542,,,-109.74493345588972,,184.0,,,,,,,,0.021036747843027115,,0.07484971731901169,,0.8172338008880615,,96196
96283,-110.54885833378945,26.445443805114937,,,-113.21731060335982,,186.0,,,,,,,,0.023655496537685394,,0.08457822352647781,,0.83283931016922,,96283
96319,-111.26728518544932,26.230546063748662,,,-120.99045229618582,,190.0,,,,,,,,0.02626817673444748,,0.0810030847787857,,0.8842726945877075,,96319
96320,-111.05289418861003,26.199088889238233,,,-109.64676401193235,,187.0,,,,,,,,0.017291394993662834,,0.059022776782512665,,0.9002624154090881,,96320
96327,-111.17028942227567,26.209592690979612,,,-116.39107550555127,,178.0,,,,,,,,0.029433924704790115,,0.0957406684756279,,0.8233246207237244,,96327
96334,-110.09922952562391,23.830204187525958,,,-139.4406425482697,,240.0,,,,,,,,0.030379200354218483,,0.08622926473617554,,0.7903473377227783,,96334
96343,-110.80299931948716,23.70003956469804,,,-123.64991895266182,,187.0,,,,,,,,0.029691973701119423,,0.09704954922199249,,0.8188979029655457,,96343
96365,-110.95403483434802,23.706439282579602,,,-115.65876505096347,,174.0,,,,,,,,0.02621673233807087,,0.08335471898317337,,0.8323144912719727,,96365
96374,,,-151.5266220457044,132.93629831803446,,-322.1476497656605,,480.0,0.5299626156687737,12.729849596321582,0.20509162368465236,,,,,0.055755533277988434,,0.1579311043024063,,0.828066349029541,96372
96386,-111.25638898713449,23.72568002789494,,,-120.1732716053821,,189.0,,,,,,,,0.03115900233387947,,0.10990988463163376,,0.8074221611022949,,96386
96463,-111.19158342322581,23.682553714174688,,,-125.37828249517464,,218.0,,,,,,,,0.024985339492559433,,0.07864043861627579,,0.793185293674469,,96463
96464,-113.17034435773243,20.640315445803516,,,-127.57797623577653,,202.0,,,,,,,,0.02465321496129036,,0.07612001150846481,,0.8500592112541199,,96464
96467,-113.17401550275694,20.639523605705534,,,-108.81207343813998,,201.0,,,,,,,,0.024507179856300354,,0.08626101911067963,,0.8342717885971069,,96467
96497,-113.12441736368203,20.578048676988914,,,-137.4530370294276,,209.0,,,,,,,,0.03219849243760109,,0.11302854865789413,,0.8083151578903198,,96497
96500,-112.85895634279133,20.6381149141044,,,-101.69214179057441,,200.0,,,,,42.81157302856445,45.39608383178711,2.071227550506592,0.017137659713625908,,0.07831719517707825,,0.8332233428955078,,96500
96516,,,-151.65005514030918,132.85140180455898,,-63.27060382058211,,241.0,-43.159189215339566,49.42597800072792,0.7329678109102341,,,,,0.0064310478046536446,,0.03473566472530365,,0.8180200457572937,96516
96585,-112.75532208215633,20.59317904580896,,,-119.15523774717869,,194.0,,,,,,,,0.020890552550554276,,0.06325220316648483,,0.8028199672698975,,96585
96596,-112.26730572560797,20.494354171733267,,,-104.47108347786055,,182.0,,,,,,,,0.018053755164146423,,0.06808033585548401,,0.8359096646308899,,96596
96612,-112.00479108705511,20.436775203874642,,,-110.06202199013937,,204.0,,,,,,,,0.022243168205022812,,0.08045975863933563,,0.829043447971344,,96612
96618,-111.60893786722394,20.46302272681955,,,-100.55457888127842,,225.0,,,,,,,,0.014776757918298244,,0.04784180223941803,,0.8345019221305847,,96618
96651,,,-150.19346023291538,133.28588920837558,,-74.81386532826944,,243.0,55.804142873473616,57.08420355133559,0.41405247638398,,,,,0.008964752778410912,,0.0319538339972496,,0.8966197967529297,96651
96655,,,-151.25689225128346,133.04037030043057,,-146.56705924241734,,271.0,6.306474920128545,18.405088467351625,0.5937370118952331,,,,,0.03458169475197792,,0.1170942485332489,,0.8496902585029602,96655
96656,-112.01496574701916,20.57178450719186,,,-127.45859983651799,,216.0,,,,,,,,0.028175415471196175,,0.10030283778905869,,0.8460406064987183,,96656
96661,-112.13298787096738,20.59824154946451,,,-119.639076245743,,231.0,,,,,,,,0.017294317483901978,,0.05922374129295349,,0.8336702585220337,,96661
96664,,,-152.77439701980663,132.7184600760751,,-161.76538382166186,,259.0,-38.42040748416687,38.42040748416687,0.9461137304839624,,,,,0.03612297773361206,,0.11856556683778763,,0.8625050783157349,96663
96723,-112.55607533137585,20.77795766734924,,,-131.70946366273088,,208.0,,,,,,,,0.03323262557387352,,0.1027471050620079,,0.7983606457710266,,96723
96730,,,-161.40597184479225,143.08332267781495,,-538.4720246538039,,480.0,-7.134049108158797,25.168299065561346,0.39478021011652653,,,,,0.03788662701845169,,0.10943751037120819,,0.8866580724716187,96730
96780,-112.64294068579194,20.860003589456767,,,-134.43505131226001,,209.0,,,,,,,,0.02607540972530842,,0.08155837655067444,,0.8731654286384583,,96780
96789,,,-161.96794081693326,142.81034238229415,,-106.29877301533641,,203.0,-27.18524876985644,27.18524876985644,0.9217485461840202,,,,,0.02360665053129196,,0.07180215418338776,,0.8104857802391052,96789
96823,-112.9002165752648,21.079983458491935,,,-137.13355255865488,,214.0,,,,,,,,0.029370294883847237,,0.08684717863798141,,0.8289728164672852,,96823
96841,-113.2411730734278,21.153666632374506,,,-126.1581064346296,,206.0,,,,,,,,0.026340071111917496,,0.086250901222229,,0.8222894668579102,,96841
96865,-113.11555701985597,21.127661804482166,,,-114.41446908940355,,190.0,,,,,,,,0.028243185952305794,,0.09912437945604324,,0.8127871155738831,,96865
96871,-113.13698978977467,21.12319609679597,,,-109.26042218289402,,192.0,,,,,,,,0.019609294831752777,,0.07016070932149887,,0.8107242584228516,,96871
96925,-113.58593674813206,21.241784456624156,,,-130.18044583223292,,198.0,,,,,,,,0.034135326743125916,,0.10818275064229965,,0.8136929273605347,,96925
96939,,,-160.82949264669492,143.00588864744316,,-108.39081023769873,,174.0,-31.471946706031932,31.471946706031932,0.951125452167339,,,,,0.03769726678729057,,0.12163779884576797,,0.7876204252243042,96939
96947,-113.61764075571935,21.223252033047338,,,-101.98302357613015,,148.0,,,,,,,,0.02354208193719387,,0.08162893354892731,,0.8179544806480408,,96947
97000,,,,,,,,,,,,62.13821792602539,62.44245529174805,2.075166940689087,,,,,,,96947
97002,,,-160.76638073068952,143.03280916400695,,-98.21494365504131,,198.0,-58.363165366529216,58.363165366529216,0.897771482027448,,,,,0.017628096044063568,,0.056544408202171326,,0.8694049119949341,97001
97015,-113.28118660381557,21.23763009818637,,,-104.13079610538631,,180.0,,,,,,,,0.02148737944662571,,0.06781662255525589,,0.865872323513031,,97015
97035,-113.34338236330112,21.22443755018447,,,-110.36379375166923,,206.0,,,,,,,,0.027643725275993347,,0.10079105943441391,,0.8303919434547424,,97035
97054,,,-160.46732016719747,143.12993269321828,,-106.67293341585052,,199.0,-48.89127072766798,48.89127072766798,0.9731319755527859,,,,,0.028307365253567696,,0.10861039161682129,,0.8286344408988953,97054
97102,-113.58244616718264,21.445170882241605,,,-139.1384447383992,,248.0,,,,,,,,0.024340270087122917,,0.07366545498371124,,0.8469883799552917,,97102
97132,-113.53244528633704,21.455413620475575,,,-107.91330654493687,,177.0,,,,,,,,0.02380836196243763,,0.07544910162687302,,0.8067550659179688,,97132
97136,,,-160.98185988494814,142.88370297109662,,-105.1530762997074,,218.0,2.803895786814733,26.8399298371525,0.78076078088401,,,,,0.0279721450060606,,0.08980954438447952,,0.8170280456542969,97136
97152,-113.84795922322783,21.531501064582457,,,-126.76128362811919,,184.0,,,,,,,,0.03690746799111366,,0.10991353541612625,,0.8228021264076233,,97152
97168,-113.90651971721917,21.567519367509625,,,-128.59552503375767,,187.0,,,,,,,,0.03115546889603138,,0.10242822766304016,,0.8377614617347717,,97168
97191,-114.46462639606735,21.719897801540654,,,-134.0475662296778,,215.0,,,,,,,,0.02662685513496399,,0.09209155291318893,,0.8260009288787842,,97191
97197,-114.49226149446032,21.701159784998914,,,-100.44846744346125,,166.0,,,,,,,,0.022529251873493195,,0.0657728835940361,,0.8312411308288574,,97197
97210,-114.83822374361982,21.571199611308998,,,-115.18670204117969,,209.0,,,,,,,,0.016324207186698914,,0.05024683475494385,,0.864957332611084,,97210
97213,,,-161.37613762564345,142.72273017278846,,-112.73330175725418,,242.0,-66.93395845185627,66.93900726230676,0.9280125878445972,,,,,0.02170468121767044,,0.07111154496669769,,0.8614704608917236,97212
97240,-115.32628909478514,21.426944946322152,,,-120.92953322195127,,257.0,,,,,,,,0.025052493438124657,,0.07687786221504211,,0.8096325397491455,,97240
97254,,,-162.50444646983726,142.18017018075085,,-121.648631913686,,193.0,2.6813303275429523,15.554833464054246,0.9119024860032767,,,,,0.030454425141215324,,0.10453236103057861,,0.8206396698951721,97254
97257,,,-162.34271541597033,142.21006091443928,,-132.10015474863457,,270.0,22.460629876013154,26.93210971576196,0.199247455328853,,,,,0.024412574246525764,,0.07618095725774765,,0.8395333886146545,97257
97274,,,-162.79831312982796,141.97131648109777,,-99.50143345782466,,203.0,52.248575496556136,53.43664191332944,0.6918806969425882,,,,,0.01765097677707672,,0.06694670766592026,,0.8816723227500916,97274
97352,,,-162.56451752400142,142.06461654301074,,-100.16187117530293,,307.0,-10.63504175681633,27.06807826046835,0.5758367569854362,,,,,0.01367850974202156,,0.0700879618525505,,0.8937219381332397,97351
97364,,,-161.7768839405879,142.40750643475997,,-80.55854550752935,,154.0,-21.679404666671505,24.438022617395823,0.8272890776345636,,,,,0.019335931167006493,,0.07059481739997864,,0.8700520396232605,97364
97384,,,-175.28572203940712,163.82193273449914,,-748.9721588278055,,480.0,59.33816124300162,64.08120947182178,0.23625670218746792,,,,,0.022625038400292397,,0.10145935416221619,,0.9286515712738037,97384
97407,-115.38247917425213,21.384411388620304,,,-100.55592629982279,,200.0,,,,,,,,0.020146578550338745,,0.06787992268800735,,0.8110058307647705,,97407
97413,-115.0874831739636,21.530354215024367,,,-97.24450980230307,,186.0,,,,,,,,0.013171067461371422,,0.041461627930402756,,0.8482435941696167,,97413
97438,-114.97415250708447,21.503411675381138,,,-117.31284332832833,,190.0,,,,,,,,0.022396594285964966,,0.07451650500297546,,0.80975741147995,,97438
97500,,,,,,,,,,,,41.95893478393555,46.684391021728516,2.0927417278289795,,,,,,,97438
97519,-114.83306841642876,21.518143426922773,,,-109.13039079914844,,186.0,,,,,,,,0.023140080273151398,,0.0768236517906189,,0.8371454477310181,,97519
97544,,,-187.6916141195391,178.25426445936844,,-690.6122759056422,,480.0,60.85627106179793,62.32934365123511,0.5378437931397212,,,,,0.03366560861468315,,0.10273299366235733,,0.8303241729736328,97544
97551,-115.20240755413091,21.626328775309727,,,-130.57006986049356,,194.0,,,,,,,,0.02388908714056015,,0.07128480076789856,,0.8378428816795349,,97551
97581,-115.40620427738055,21.618978992692465,,,-119.61941849707638,,190.0,,,,,,,,0.029087470844388008,,0.09462333470582962,,0.8022257089614868,,97581
97596,-115.41110872369967,21.618015326801395,,,-111.28348779235576,,176.0,,,,,,,,0.02248295024037361,,0.0778757631778717,,0.8141624331474304,,97596
97633,-115.42422270804603,21.62290918937206,,,-123.8138161712392,,211.0,,,,,,,,0.02800881490111351,,0.08178213238716125,,0.8001096844673157,,97633
97686,,,-187.5732147301642,178.31614315389118,,-91.49580333689163,,175.0,-32.98545449972153,32.98545449972153,0.9844291697760342,,,,,0.02128623053431511,,0.07999145984649658,,0.8135274648666382,97686
97687,-115.12938008205714,21.693761494940624,,,-102.70111857499262,,227.0,,,,,,,,0.01169706042855978,,0.037603914737701416,,0.8650470972061157,,97687
97689,-114.97870202051361,21.73588539212319,,,-105.21644471741219,,180.0,,,,,,,,0.018488897010684013,,0.06949494779109955,,0.8564113974571228,,97689
97720,,,-187.7799579737282,178.20953141268143,,-100.9199797147616,,177.0,-39.42369133200349,39.42603174575978,0.9704213010882851,,,,,0.027969934046268463,,0.08681924641132355,,0.818342924118042,97719
97770,-117.28400219615055,11.724147860390893,,,-101.10670879512843,,196.0,,,,,,,,0.016220740973949432,,0.05555075779557228,,0.798417866230011,,97770
97776,,,-194.65156319729806,188.17933078635104,,-628.7970222151546,,480.0,35.21078234439095,50.55402929857373,0.2731007824035826,,,,,0.01953309401869774,,0.07587046176195145,,0.9576246738433838,97776
97793,-117.3875144107607,11.785263650221706,,,-126.86378931425281,,196.0,,,,,,,,0.022804290056228638,,0.0761997252702713,,0.8607071042060852,,97793
97849,-117.36510729260326,11.800827835472662,,,-108.62457754801717,,157.0,,,,,,,,0.02932123653590679,,0.08500819653272629,,0.8053759932518005,,97849
97897,,,-195.3806895568992,187.97189632669756,,-159.7372865343872,,295.0,30.009854196289837,31.722376877574597,0.7044535726519715,,,,,0.03127480670809746,,0.10425597429275513,,0.8103928565979004,97896
97909,-116.9549135477014,12.28442203060627,,,-92.70762335826713,,182.0,,,,,,,,0.015943221747875214,,0.056537821888923645,,0.8289260864257812,,97909
97936,-117.29545729495352,12.622920095883417,,,-138.01763965879115,,220.0,,,,,,,,0.0368645153939724,,0.11128351837396622,,0.7798755764961243,,97936
97974,-117.03002782269203,12.917069188587917,,,-96.37529039885837,,164.0,,,,,,,,0.018750088289380074,,0.06418555974960327,,0.8014015555381775,,97974
97980,-117.08935638722886,12.92081012263281,,,-119.35750373239355,,183.0,,,,,,,,0.02462741918861866,,0.08388913422822952,,0.8397384881973267,,97980
98000,,,,,,,,,,,,45.79841995239258,43.73957061767578,2.0766801834106445,,,,,,,97980
98001,-116.58632639289779,12.524357033716685,,,-114.2891428317166,,220.0,,,,,,,,0.023990286514163017,,0.08428985625505447,,0.8413458466529846,,98001
98024,-116.33302755607139,12.506997013102056,,,-110.98497711134152,,164.0,,,,,,,,0.0249653160572052,,0.07630550116300583,,0.8207210302352905,,98024
98025,-116.40547539756834,12.513371342555521,,,-119.281157125811,,219.0,,,,,,,,0.023602046072483063,,0.08723528683185577,,0.8610420823097229,,98025
98046,-116.88332975342166,13.090999675403834,,,-144.0659893980473,,228.0,,,,,,,,0.029546374455094337,,0.09797711670398712,,0.8320705890655518,,98046
98087,-116.7024009846419,13.03473573072519,,,-116.33184405618579,,187.0,,,,,,,,0.02917378954589367,,0.0834585428237915,,0.785281240940094,,98087
98090,,,-189.20633038751373,186.20798090318976,,-91.38312665701815,,147.0,-41.08019283515255,41.176783013506004,0.9795785820543008,,,,,0.029494715854525566,,0.09510309994220734,,0.8102338314056396,98090
98094,-116.4100879760698,12.951180995595118,,,-112.96232580717202,,197.0,,,,,,,,0.022853190079331398,,0.06704521924257278,,0.8024479150772095,,98094
98136,-116.58524083980934,12.90638248808278,,,-117.56971662511694,,183.0,,,,,,,,0.031242024153470993,,0.10333408415317535,,0.8437805771827698,,98136
98263,-116.26925095248663,12.580910723435297,,,-121.65354266329264,,194.0,,,,,,,,0.027234669774770737,,0.09092993289232254,,0.8335315585136414,,98263
98278,-116.24698344404057,12.607648578878646,,,-100.57876636827122,,184.0,,,,,,,,0.01696239598095417,,0.055452898144721985,,0.8302057981491089,,98278
98283,-116.04406329839962,12.64081360533545,,,-109.00923046513049,,176.0,,,,,,,,0.02436702698469162,,0.0857844203710556,,0.8410943150520325,,98283
98289,,,-184.88740175915274,184.41822750238111,,-155.86694495209278,,226.0,37.82270751590222,45.538222922688036,0.6675449473786244,,,,,0.024990301579236984,,0.0788588896393776,,0.9491031169891357,98288
98324,-115.85930075038765,12.873981429322761,,,-95.23295607726233,,179.0,,,,,,,,0.01703689806163311,,0.055953118950128555,,0.83002108335495,,98324
98343,-116.08028609103744,12.867403083665323,,,-121.1112890226287,,262.0,,,,,,,,0.022229988127946854,,0.07201241701841354,,0.8517825603485107,,98343
98361,,,-172.2829477352665,167.77667956693375,,-95.9737173428621,,284.0,-62.676071756532494,62.79174360234133,0.8077122632623146,,,,,0.017117420211434364,,0.06116851046681404,,0.8354920744895935,98361
98500,,,,,,,,,,,,37.31528854370117,36.86940383911133,2.0731773376464844,,,,,,,98361
98510,-116.47843028850984,12.687574352103093,,,-120.46178875489923,,183.0,,,,,,,,0.02820337563753128,,0.0794500932097435,,0.8190921545028687,,98510
98520,-116.40902050690192,12.636706405183816,,,-123.98811075612095,,206.0,,,,,,,,0.02624649927020073,,0.08310054987668991,,0.8303061127662659,,98520
98527,-116.18118901867038,12.679037192278113,,,-108.24750183416643,,192.0,,,,,,,,0.022157208994030952,,0.06436135619878769,,0.8352434039115906,,98527
98566,-115.63770981454957,12.583819295174374,,,-104.53550345668965,,178.0,,,,,,,,0.019596997648477554,,0.06353281438350677,,0.8207300901412964,,98566
98574,-115.18623328659751,12.303134267927934,,,-111.861224914657,,173.0,,,,,,,,0.023274386301636696,,0.07343468070030212,,0.8553977608680725,,98574
98599,-114.82773945874597,11.913376063341493,,,-119.2088611660783,,198.0,,,,,,,,0.025063304230570793,,0.07236111164093018,,0.8236148953437805,,98599
98611,-114.25295439691963,12.045413789436106,,,-97.41885334331337,,158.0,,,,,,,,0.016334088519215584,,0.05961574241518974,,0.8901943564414978,,98611
98639,-113.79535025176239,12.458123851638257,,,-91.53426183154146,,224.0,,,,,,,,0.012185045517981052,,0.04523184895515442,,0.8557979464530945,,98639
98647,-113.67156879725665,12.533088225299586,,,-103.07134945760717,,181.0,,,,,,,,0.01883654110133648,,0.06098508834838867,,0.8615362644195557,,98647
98650,,,-162.71224249358866,158.51168232541445,,-86.16298449964117,,246.0,-76.39553782222717,76.39553782222717,0.8855745290589653,,,,,0.012542769312858582,,0.05151168256998062,,0.8655654191970825,98650
98652,-113.45218407901865,12.336655254357918,,,-119.21120992033231,,193.0,,,,,,,,0.02633805014193058,,0.07313600927591324,,0.813755989074707,,98652
98671,-113.91485934892859,12.331643072444733,,,-125.11678707162834,,184.0,,,,,,,,0.03637898713350296,,0.10689722746610641,,0.7818729281425476,,98671
98675,-113.68347270793798,12.618267433697751,,,-92.5614640558556,,176.0,,,,,,,,0.015707217156887054,,0.05064823850989342,,0.8120622634887695,,98675
98773,-113.49893532784374,12.732420466311801,,,-101.1369247469562,,212.0,,,,,,,,0.017594652250409126,,0.05754801630973816,,0.7916067838668823,,98773
98780,,,-171.64321892797292,165.50402929648212,,-517.2932712264364,,480.0,38.937354788184166,40.65666841566563,0.540462611340052,,,,,0.1557738035917282,,0.35302215814590454,,0.6721482276916504,98779
98783,-112.79883467895544,12.25687405458902,,,-104.13341229398472,,194.0,,,,,,,,0.0233844555914402,,0.07716940343379974,,0.8048675656318665,,98783
98798,,,-171.9238886894384,165.37700525142725,,-103.92609832209651,,164.0,-40.98493921793089,41.79056351613708,0.9076660100299467,,,,,0.03174859657883644,,0.1047242134809494,,0.8129855990409851,98797
98812,-112.87844483730974,12.237795444507839,,,-111.89381446265287,,191.0,,,,,,,,0.02428405173122883,,0.08351723104715347,,0.8230376243591309,,98812
98862,-112.74216000156598,12.119806137035477,,,-119.94704184092988,,200.0,,,,,,,,0.024735284969210625,,0.07867217808961868,,0.8400722742080688,,98862
98868,,,-176.9306976954062,165.76494997628862,,-312.4265252557771,,480.0,-65.14268597749373,70.4623032250752,-0.388246736534273,,,,,0.02526581473648548,,0.08262334764003754,,0.9440094232559204,98864
98877,-112.35405755989957,11.914897951733451,,,-109.1904029504363,,193.0,,,,,,,,0.03109038807451725,,0.10513247549533844,,0.799475371837616,,98877
98891,-112.26763487726396,11.772049349786231,,,-129.72643209789703,,198.0,,,,,,,,0.0313405767083168,,0.09244800359010696,,0.8347228765487671,,98891
98940,-111.27176151689483,14.516141278476308,,,-50.65479942500632,,286.0,,,,,,,,0.054786961525678635,,0.1518128365278244,,0.8542224168777466,,98940
98958,-111.04333417804773,14.542577905336291,,,-103.76533509882495,,179.0,,,,,,,,0.027437575161457062,,0.08712361752986908,,0.8164669275283813,,98958
98990,,,-176.0546097617106,166.02212446867458,,-105.89261971876152,,234.0,-45.504919424525696,45.72177655319882,0.9855333205074298,,,,,0.02054338902235031,,0.06930454075336456,,0.8293818831443787,98989
99000,,,,,,,,,,,,48.601600646972656,46.45438766479492,2.078474998474121,,,,,,,98989
99052,-111.03818981739362,14.539124889204816,,,-120.6723151892447,,189.0,,,,,,,,0.0336325578391552,,0.11507666110992432,,0.8194883465766907,,99052
99113,-111.24771026937346,14.461835897770465,,,-111.03194889881536,,198.0,,,,,,,,0.024081170558929443,,0.07291888445615768,,0.8169912099838257,,99113
99122,,,-175.10684787576113,166.5702320262369,,-55.714643690394055,,155.0,0.0589300109494117,16.975259400952247,0.8970184957321305,,,,,0.003913812804967165,,0.01904318481683731,,0.8589391708374023,99122
99156,-107.55051448700324,31.344591574189437,,,87.61527931620783,,154.0,,,,,,,,0.07201364636421204,,0.19569937884807587,,0.7337357401847839,,99156
99176,-107.29094225426395,31.31639940065022,,,-104.33423169136384,,177.0,,,,,,,,0.01795051619410515,,0.053931716829538345,,0.8362547755241394,,99176
99196,-108.06173825688384,31.822393813114907,,,-147.67019093014244,,222.0,,,,,,,,0.030289040878415108,,0.09172184020280838,,0.8457692265510559,,99196
99216,-107.73101369168963,31.67232529819043,,,-114.03384160078234,,197.0,,,,,,,,0.023585868999361992,,0.09733983129262924,,0.833372950553894,,99216
99227,-107.35614012931882,31.640304544587668,,,-100.87574037853562,,227.0,,,,,,,,0.015460957773029804,,0.048015303909778595,,0.7868028283119202,,99227
99230,-107.44443746243446,31.657296865915693,,,-115.69835444814021,,220.0,,,,,,,,0.02186805009841919,,0.07998141646385193,,0.8325240612030029,,99230
99242,,,-175.84095709011316,166.25477489417491,,-122.31682196550658,,217.0,-25.75997354907374,27.405416378777147,0.9357572771498643,,,,,0.03197562322020531,,0.10238534957170486,,0.813494861125946,99242
99255,-107.21858509239131,31.579895095793653,,,-112.52119766908105,,192.0,,,,,,,,0.026549462229013443,,0.08644668757915497,,0.8651540279388428,,99255
99268,-107.12940186281905,31.59881750226983,,,-98.24195709637956,,169.0,,,,,,,,0.0218459814786911,,0.07452857494354248,,0.8291511535644531,,99268
99283,-107.16942034178476,31.59763650536951,,,-107.21736866569664,,184.0,,,,,,,,0.017902536317706108,,0.05968303233385086,,0.8606574535369873,,99283
99338,-107.88943028438948,31.860359525514145,,,-137.10720592536492,,186.0,,,,,,,,0.03483391925692558,,0.11349429935216904,,0.8573043942451477,,99338
99346,-107.89713204872258,31.864991569428945,,,-127.24887753090823,,202.0,,,,,,,,0.030650900676846504,,0.10279329866170883,,0.8251148462295532,,99346
99363,,,-177.1518701044091,165.70708218103616,,-139.92326093119013,,253.0,-37.8401660323143,37.88329277797179,0.6992174705329048,,,,,0.028958112001419067,,0.0879063680768013,,0.8368083834648132,99363
99367,-107.7557957551626,31.877121580602125,,,-101.5577628700179,,212.0,,,,,,,,0.01995398849248886,,0.06728841364383698,,0.8258928060531616,,99367
99392,,,-176.37877771560153,166.1225955103307,,-68.26390244558382,,211.0,-40.65328340705537,41.19478786302404,0.8676338409536523,,,,,0.007036152295768261,,0.02405812218785286,,0.8380236029624939,99392
99447,-108.00431743767902,31.807195323167075,,,-105.1337074840883,,163.0,,,,,,,,0.023203186690807343,,0.06795284897089005,,0.8300116658210754,,99447
99487,-107.48092900578936,31.52305918055935,,,-111.8482180643078,,188.0,,,,,,,,0.022192802280187607,,0.08104092627763748,,0.8759580850601196,,99487
99500,,,,,,,,,,,,46.075199127197266,44.87843704223633,2.068324089050293,,,,,,,99487
99524,-107.91537558697013,31.516695486914706,,,-118.09761945789707,,203.0,,,,,,,,0.018033159896731377,,0.053572095930576324,,0.896948516368866,,99524
99528,-107.35139707177198,31.559172708504803,,,-91.15857797248646,,165.0,,,,,,,,0.016386331990361214,,0.05291068181395531,,0.8277614712715149,,99528
99540,-107.22844800256867,31.543875958502717,,,-108.14168937155102,,190.0,,,,,,,,0.022382890805602074,,0.06457728147506714,,0.8124319911003113,,99540
99544,,,-175.29242097533964,166.70344295118068,,-59.699853281341156,,146.0,-25.77965624732514,26.354587685163708,0.9886727463951909,,,,,0.005803768988698721,,0.021037813276052475,,0.8577462434768677,99542
99574,-107.05545345157894,31.546518365287735,,,-102.33524956185512,,170.0,,,,,,,,0.018999701365828514,,0.06816276907920837,,0.9079619646072388,,99574
99581,,,-175.83671031993563,166.35899588415114,,-83.78448887921556,,162.0,5.118909059483328,13.19634085599287,0.7644304330141072,,,,,0.017856959253549576,,0.056727662682533264,,0.8647000789642334,99581
99593,,,-176.885408866566,165.8475780844514,,-121.57509493792672,,245.0,-29.09553490463568,38.56617380258989,0.7805189267732514,,,,,0.02421785518527031,,0.09203171730041504,,0.8441520929336548,99593
99631,-106.99303077703297,31.525345860956197,,,-116.16002339851214,,196.0,,,,,,,,0.017745325341820717,,0.05521528422832489,,0.8474712371826172,,99631
99731,,,-175.2644540537658,166.35710856150277,,-83.33849755456434,,192.0,-40.04401135786126,40.04401135786126,0.9515433745975383,,,,,0.01940140128135681,,0.06840404123067856,,0.8047859072685242,99731
99758,-106.47217466128254,31.12107550795585,,,-118.02318361052595,,192.0,,,,,,,,0.02709665149450302,,0.09361796081066132,,0.8266847133636475,,99758
99768,-106.49356697775167,31.128212397065703,,,-117.40145987964274,,190.0,,,,,,,,0.03464715555310249,,0.11463098227977753,,0.8090610504150391,,99768
99799,-106.36885637623925,31.114534311152283,,,-106.7267957315511,,201.0,,,,,,,,0.0197856817394495,,0.06232379376888275,,0.9013839960098267,,99799
99902,-106.25044691526709,31.082932438443176,,,-111.64924357650916,,174.0,,,,,,,,0.027064306661486626,,0.09212946146726608,,0.8335641622543335,,99902
99937,-105.93344665696323,31.00495262592233,,,-105.80352974809861,,170.0,,,,,,,,0.020230820402503014,,0.05490746349096298,,0.796585202217102,,99937
99972,-105.97976616966596,30.998647782411076,,,-102.89474200340871,,212.0,,,,,,,,0.017463384196162224,,0.049895551055669785,,0.7881426811218262,,99972
99979,-106.18738356863605,31.052958757032695,,,-119.39010041363524,,186.0,,,,,,,,0.026973756030201912,,0.09989261627197266,,0.8383020758628845,,99979
99989,-106.6339725148794,31.05277182095441,,,-117.5624033894288,,214.0,,,,,,,,0.01636156067252159,,0.0584554523229599,,0.8783559203147888,,99989
